Creating window glfw
action observation reward done info
<class 'numpy.ndarray'> <class 'dict'> <class 'numpy.float32'> <class 'bool'> <class 'dict'>
[0.09762701 0.43037874 0.20552675 0.08976637] {'observation': array([ 9.93475566e-01,  7.59486686e-01,  4.21409608e-01,  9.27273718e-01,
        6.54372393e-01,  4.14054869e-01, -6.62018479e-02, -1.05114293e-01,
       -7.35473881e-03,  0.00000000e+00,  0.00000000e+00,  3.69414768e-04,
        3.70508761e-03,  8.25437536e-02, -2.32522216e-03, -1.21925930e-02,
       -4.47971010e-03,  1.81682935e-03,  1.97968937e-02,  4.49622957e-03,
        2.37568198e-03,  1.22398289e-02,  4.51473589e-03,  6.72889133e-05,
        3.43603383e-03]), 'achieved_goal': array([0.92727372, 0.65437239, 0.41405487]), 'desired_goal': array([1.68132576, 0.48128997, 0.41405476])} -1.0 False {'is_success': 0.0}
[-0.1526904   0.29178822 -0.12482557  0.78354603] {'observation': array([ 9.89657559e-01,  7.69180473e-01,  4.19106236e-01,  9.27286352e-01,
        6.54419624e-01,  4.14055519e-01, -6.23712067e-02, -1.14760849e-01,
       -5.05071703e-03,  0.00000000e+00,  0.00000000e+00,  1.58282494e-06,
       -2.43861895e-03,  8.31156398e-02,  2.04000554e-03, -3.84420209e-03,
       -4.80522438e-04, -8.30822989e-03, -8.66392590e-02, -1.73327609e-04,
       -2.13784390e-03,  3.89142747e-03,  4.25962914e-04,  1.05021294e-04,
        3.09122909e-03]), 'achieved_goal': array([0.92728635, 0.65441962, 0.41405552]), 'desired_goal': array([1.68132576, 0.48128997, 0.41405476])} -1.0 False {'is_success': 0.0}
[ 0.92732555 -0.23311697  0.5834501   0.05778984] {'observation': array([ 1.01642276e+00,  7.62345060e-01,  4.37600873e-01,  9.27306014e-01,
        6.54466845e-01,  4.14049655e-01, -8.91167482e-02, -1.07878215e-01,
       -2.35512189e-02,  0.00000000e+00,  0.00000000e+00,  1.52084642e-05,
       -1.70501721e-03,  7.42907854e-02, -2.40235311e-02,  6.64141984e-03,
       -1.51066788e-02,  9.46463365e-03,  3.75041915e-02, -1.53311652e-02,
        2.40907481e-02, -6.59420331e-03,  1.51235434e-02,  3.39821856e-04,
        1.84384330e-03]), 'achieved_goal': array([0.92730601, 0.65446684, 0.41404965]), 'desired_goal': array([1.68132576, 0.48128997, 0.41405476])} -1.0 False {'is_success': 0.0}
[ 0.13608912  0.85119325 -0.85792786 -0.8257414 ] {'observation': array([ 1.02266914e+00,  7.86354093e-01,  4.16078081e-01,  9.27330671e-01,
        6.54514055e-01,  4.14050357e-01, -9.53384664e-02, -1.31840038e-01,
       -2.02772387e-03,  0.00000000e+00,  0.00000000e+00,  5.34818163e-04,
        3.89359173e-03,  6.41393199e-02, -6.58054360e-04, -1.39509700e-02,
        6.16590312e-03,  6.90452229e-03,  1.84726581e-02, -7.68665806e-03,
        7.03130943e-04,  1.39981761e-02, -6.12645092e-03, -1.81922115e-04,
        7.94494874e-03]), 'achieved_goal': array([0.92733067, 0.65451406, 0.41405036]), 'desired_goal': array([1.68132576, 0.48128997, 0.41405476])} -1.0 False {'is_success': 0.0}
[-0.9595632   0.6652397   0.5563135   0.74002427] {'observation': array([ 9.95146587e-01,  8.07865089e-01,  4.33661568e-01,  9.27338551e-01,
        6.54561257e-01,  4.14044185e-01, -6.78080361e-02, -1.53303832e-01,
       -1.96173828e-02,  0.00000000e+00,  0.00000000e+00, -3.85883023e-05,
       -2.68875751e-03,  5.00886659e-02,  2.70976933e-02, -1.55883483e-02,
       -1.38254739e-02,  2.94007190e-04, -8.80042096e-02, -1.63775925e-02,
       -2.71997680e-02,  1.56355448e-02,  1.37638521e-02,  4.71859390e-04,
        5.42100254e-03]), 'achieved_goal': array([0.92733855, 0.65456126, 0.41404418]), 'desired_goal': array([1.68132576, 0.48128997, 0.41405476])} -1.0 False {'is_success': 0.0}
[ 0.9572367   0.59831715 -0.07704128  0.56105834] {'observation': array([ 1.02002782e+00,  8.27933171e-01,  4.32867829e-01,  9.27353641e-01,
        6.54608448e-01,  4.14052088e-01, -9.26741785e-02, -1.73324724e-01,
       -1.88157412e-02,  0.00000000e+00,  0.00000000e+00, -4.61465358e-04,
       -1.66814771e-03,  3.76858248e-02, -2.73538891e-02, -1.39534532e-02,
        3.80119554e-03,  8.72055700e-03,  3.70214684e-02, -1.60704068e-02,
        2.74162401e-02,  1.40006393e-02, -3.78129001e-03,  4.38970698e-04,
        3.58704878e-03]), 'achieved_goal': array([0.92735364, 0.65460845, 0.41405209]), 'desired_goal': array([1.68132576, 0.48128997, 0.41405476])} -1.0 False {'is_success': 0.0}
[-0.76345116  0.27984205 -0.71329343  0.88933784] {'observation': array([ 1.00461159e+00,  8.37374471e-01,  4.16428840e-01,  9.27375129e-01,
        6.54655629e-01,  4.14038055e-01, -7.72364587e-02, -1.82718842e-01,
       -2.39078490e-03,  0.00000000e+00,  0.00000000e+00, -1.99071568e-04,
        3.83598580e-03,  1.69185450e-02,  9.61460086e-03, -3.07467161e-03,
        2.42864215e-04, -3.80843248e-03,  2.04214555e-02, -1.80959856e-02,
       -9.57178831e-03,  3.12184853e-03, -2.05781101e-04, -2.76712027e-05,
        2.76380800e-03]), 'achieved_goal': array([0.92737513, 0.65465563, 0.41403806]), 'desired_goal': array([1.68132576, 0.48128997, 0.41405476])} -1.0 False {'is_success': 0.0}
[ 0.04369664 -0.17067613 -0.47088876  0.5484674 ] {'observation': array([ 1.00363284e+00,  8.35318766e-01,  4.16996957e-01,  9.27378643e-01,
        6.54702801e-01,  4.14045890e-01, -7.62542000e-02, -1.80615966e-01,
       -2.95106682e-03,  0.00000000e+00,  0.00000000e+00, -3.88275118e-04,
       -2.55726330e-03,  4.79602160e-03, -6.62828183e-04,  2.25126240e-03,
       -5.18196606e-04, -1.35913261e-02, -8.82267797e-02, -1.34449450e-02,
        5.56686859e-04, -2.20409528e-03,  4.57335155e-04,  2.17391453e-03,
        1.37747514e-04]), 'achieved_goal': array([0.92737864, 0.6547028 , 0.41404589]), 'desired_goal': array([1.68132576, 0.48128997, 0.41405476])} -1.0 False {'is_success': 0.0}
[-0.08769934  0.1368679  -0.9624204   0.23527099] {'observation': array([ 1.00305448e+00,  8.36837010e-01,  4.16119095e-01,  9.27391326e-01,
        6.54749963e-01,  4.14051826e-01, -7.56631506e-02, -1.82087047e-01,
       -2.06726852e-03,  0.00000000e+00,  0.00000000e+00,  1.00446802e-04,
       -1.70860547e-03, -1.03642013e-02,  7.64295676e-04, -1.57058953e-03,
        7.82256917e-04, -1.89378537e-03,  3.90953735e-02, -1.22922323e-02,
       -7.04146803e-04,  1.61774747e-03, -7.45278343e-04,  1.13465143e-04,
        1.59046899e-03]), 'achieved_goal': array([0.92739133, 0.65474996, 0.41405183]), 'desired_goal': array([1.68132576, 0.48128997, 0.41405476])} -1.0 False {'is_success': 0.0}
[0.22419144 0.23386799 0.8874962  0.3636406 ] {'observation': array([ 1.00941668e+00,  8.44179382e-01,  4.43172128e-01,  9.27409008e-01,
        6.54797116e-01,  4.14054947e-01, -8.20076685e-02, -1.89382267e-01,
       -2.91171807e-02,  0.00000000e+00,  0.00000000e+00,  7.20593523e-04,
        3.67745061e-03, -1.82678631e-02, -5.33682303e-03, -5.81500317e-03,
       -2.33974105e-02,  5.33987605e-03,  1.88949190e-02, -1.11876873e-02,
        5.37594262e-03,  5.86215129e-03,  2.34257709e-02,  1.07873410e-04,
        1.17819201e-03]), 'achieved_goal': array([0.92740901, 0.65479712, 0.41405495]), 'desired_goal': array([1.68132576, 0.48128997, 0.41405476])} -1.0 False {'is_success': 0.0}
[-0.2809842  -0.12593609  0.3952624  -0.8795491 ] {'observation': array([ 9.82195601e-01,  7.45031041e-01,  4.24603809e-01,  1.05120995e+00,
        8.43899645e-01,  4.14053173e-01,  6.90143529e-02,  9.88686040e-02,
       -1.05506365e-02,  0.00000000e+00,  0.00000000e+00,  1.56277337e-04,
        3.63135678e-03,  8.65110612e-02,  7.58777828e-03,  3.30736068e-03,
       -1.02535341e-02,  3.46766874e-03,  1.99041565e-02,  1.23479837e-02,
       -7.53626334e-03, -3.26012537e-03,  1.02900441e-02,  8.11127183e-05,
       -3.04981274e-05]), 'achieved_goal': array([1.05120995, 0.84389965, 0.41405317]), 'desired_goal': array([1.59413481, 0.69511583, 0.41405476])} -1.0 False {'is_success': 0.0}
[ 0.33353344  0.34127575 -0.5792349  -0.7421474 ] {'observation': array([ 9.87874063e-01,  7.52687393e-01,  4.16319596e-01,  1.05122277e+00,
        8.43946876e-01,  4.14054547e-01,  6.33487095e-02,  9.12594829e-02,
       -2.26504951e-03,  0.00000000e+00,  0.00000000e+00, -1.78473455e-05,
       -2.67379059e-03,  9.09335487e-02, -3.17167169e-03, -4.49418998e-03,
       -6.93644053e-04,  2.16240569e-03, -8.88462609e-02,  1.85140518e-03,
        3.07488120e-03,  4.54141611e-03,  6.30626742e-04, -4.59796243e-05,
        4.04218197e-03]), 'achieved_goal': array([1.05122277, 0.84394688, 0.41405455]), 'desired_goal': array([1.59413481, 0.69511583, 0.41405476])} -1.0 False {'is_success': 0.0}
[-0.3691433  -0.27257845  0.14039354 -0.12279698] {'observation': array([ 9.78600252e-01,  7.45151751e-01,  4.22164383e-01,  1.05124476e+00,
        8.43994097e-01,  4.14058507e-01,  7.26445068e-02,  9.88423462e-02,
       -8.10587582e-03,  0.00000000e+00,  0.00000000e+00, -3.73198588e-05,
       -1.81071656e-03,  9.44899069e-02,  1.12066355e-02,  7.76016192e-03,
       -2.36036523e-03, -2.50365774e-03,  3.86376620e-02,  4.75839014e-03,
       -1.11367628e-02, -7.71294587e-03,  2.39071475e-03,  1.73590040e-03,
        1.60811023e-04]), 'achieved_goal': array([1.05124476, 0.8439941 , 0.41405851]), 'desired_goal': array([1.59413481, 0.69511583, 0.41405476])} -1.0 False {'is_success': 0.0}
[ 0.9767477  -0.79591036 -0.5822465  -0.677381  ] {'observation': array([ 9.96845268e-01,  7.25111765e-01,  4.18913773e-01,  1.05127333e+00,
        8.44041308e-01,  4.14057223e-01,  5.44280663e-02,  1.18929543e-01,
       -4.85655013e-03,  0.00000000e+00,  0.00000000e+00,  2.37738696e-04,
        3.62327193e-03,  9.68770540e-02, -1.75925275e-02,  1.57999543e-02,
        2.82261917e-03,  1.45875395e-03,  1.99247645e-02, -7.79264125e-04,
        1.76430700e-02, -1.57527483e-02, -2.78817661e-03,  1.04279613e-02,
       -9.36691001e-06]), 'achieved_goal': array([1.05127333, 0.84404131, 0.41405722]), 'desired_goal': array([1.59413481, 0.69511583, 0.41405476])} -1.0 False {'is_success': 0.0}
[ 0.30621666 -0.4934168  -0.06737845 -0.5111488 ] {'observation': array([ 1.00674451e+00,  7.10054412e-01,  4.19618272e-01,  1.05128641e+00,
        8.44088508e-01,  4.14054901e-01,  4.45419090e-02,  1.34034096e-01,
       -5.56337117e-03,  0.00000000e+00,  0.00000000e+00, -7.25568877e-05,
       -2.75390413e-03,  9.36909036e-02, -5.21222053e-03,  9.47812391e-03,
       -1.25107185e-03, -1.23445019e-03, -8.88274770e-02, -3.92089010e-03,
        5.11599131e-03, -9.43092779e-03,  1.18602633e-03,  7.49173123e-03,
        9.85257365e-05]), 'achieved_goal': array([1.05128641, 0.84408851, 0.4140549 ]), 'desired_goal': array([1.59413481, 0.69511583, 0.41405476])} -1.0 False {'is_success': 0.0}
[-0.68206084 -0.7792497   0.31265917 -0.7236341 ] {'observation': array([ 9.86807842e-01,  6.85288625e-01,  4.29089305e-01,  1.05130901e+00,
        8.44135699e-01,  4.14058907e-01,  6.45011732e-02,  1.58847074e-01,
       -1.50303979e-02,  0.00000000e+00,  0.00000000e+00, -2.20679280e-05,
       -1.82182576e-03,  9.07513847e-02,  1.87990720e-02,  1.90333962e-02,
       -8.02124080e-03, -3.34007242e-04,  3.87138737e-02, -1.99533247e-03,
       -1.87285769e-02, -1.89862102e-02,  8.05241392e-03,  5.30089340e-03,
        3.75226554e-04]), 'achieved_goal': array([1.05130901, 0.8441357 , 0.41405891]), 'desired_goal': array([1.59413481, 0.69511583, 0.41405476])} -1.0 False {'is_success': 0.0}
[-0.6068353  -0.26254967  0.6419865  -0.80579746] {'observation': array([ 9.66342606e-01,  6.75317176e-01,  4.49277429e-01,  1.05133822e+00,
        8.44182880e-01,  4.14057909e-01,  8.49956109e-02,  1.68865705e-01,
       -3.52195198e-02,  0.00000000e+00,  0.00000000e+00,  1.32279281e-04,
        3.61710606e-03,  8.84844903e-02,  1.40946876e-02,  4.73999815e-03,
       -1.57799871e-02,  8.60799187e-04,  1.99628819e-02, -3.04376058e-03,
       -1.40434843e-02, -4.69282208e-03,  1.58148448e-02,  3.18481989e-03,
        6.93120340e-04]), 'achieved_goal': array([1.05133822, 0.84418288, 0.41405791]), 'desired_goal': array([1.59413481, 0.69511583, 0.41405476])} -1.0 False {'is_success': 0.0}
[ 0.6758898  -0.8078032   0.95291895 -0.0626976 ] {'observation': array([ 9.84367230e-01,  6.49917182e-01,  4.80398818e-01,  1.05135197e+00,
        8.44230051e-01,  4.14055836e-01,  6.69847399e-02,  1.94312869e-01,
       -6.63429824e-02,  0.00000000e+00,  0.00000000e+00, -7.22070489e-05,
       -2.75980251e-03,  8.46108200e-02, -1.84705841e-02,  2.07004147e-02,
       -2.35982278e-02, -1.95067424e-03, -8.88184693e-02, -4.17238381e-03,
        1.83750481e-02, -2.06532486e-02,  2.35327875e-02,  2.53500329e-03,
        3.14581095e-04]), 'achieved_goal': array([1.05135197, 0.84423005, 0.41405584]), 'desired_goal': array([1.59413481, 0.69511583, 0.41405476])} -1.0 False {'is_success': 0.0}
[ 0.9535222   0.20969103  0.47852716 -0.9216244 ] {'observation': array([ 1.01448192e+00,  6.54433035e-01,  4.97719289e-01,  1.05137526e+00,
        8.44277212e-01,  4.14059163e-01,  3.68933415e-02,  1.89844176e-01,
       -8.36601260e-02,  0.00000000e+00,  0.00000000e+00, -2.54139376e-05,
       -1.82566233e-03,  8.07923797e-02, -2.24243956e-02, -7.86875762e-03,
       -9.80237211e-03,  4.78974006e-04,  3.87135443e-02, -3.40538993e-03,
        2.24955882e-02,  7.91591367e-03,  9.83287206e-03,  9.49047039e-04,
        9.97797375e-04]), 'achieved_goal': array([1.05137526, 0.84427721, 0.41405916]), 'desired_goal': array([1.59413481, 0.69511583, 0.41405476])} -1.0 False {'is_success': 0.0}
[-0.43438607 -0.7596069  -0.4077196  -0.7625446 ] {'observation': array([ 1.00384897e+00,  6.31981154e-01,  4.86300449e-01,  1.05140517e+00,
        8.44324363e-01,  4.14057824e-01,  4.75561921e-02,  2.12343209e-01,
       -7.22426244e-02,  0.00000000e+00,  0.00000000e+00,  9.64414913e-05,
        3.61358506e-03,  7.74417879e-02,  1.39927727e-02,  2.04766474e-02,
        1.18127085e-02,  5.76157784e-04,  1.99742906e-02, -3.53350315e-03,
       -1.39408541e-02, -2.04295013e-02, -1.17778046e-02,  1.36516391e-03,
        2.49889119e-04]), 'achieved_goal': array([1.05140517, 0.84432436, 0.41405782]), 'desired_goal': array([1.59413481, 0.69511583, 0.41405476])} -1.0 False {'is_success': 0.0}
[-0.36403364 -0.17147401 -0.871705    0.38494423] {'observation': array([ 9.88540529e-01,  7.45430184e-01,  4.14445717e-01,  8.93473712e-01,
        6.83450998e-01,  4.14050170e-01, -9.50668170e-02, -6.19791853e-02,
       -3.95547372e-04,  0.00000000e+00,  0.00000000e+00,  1.79891743e-03,
        3.56696636e-03,  8.40482043e-02,  2.55639125e-03,  1.07928379e-03,
       -1.35624296e-03,  1.15484421e-02,  1.45131815e-02, -1.96977557e-04,
       -2.51487964e-03, -1.03874414e-03,  1.35474363e-03,  1.11453238e-03,
        7.55761584e-04]), 'achieved_goal': array([0.89347371, 0.683451  , 0.41405017]), 'desired_goal': array([1.32333506, 0.69289487, 0.41405476])} -1.0 False {'is_success': 0.0}
[ 0.13320291 -0.46922103  0.04649611 -0.812119  ] {'observation': array([ 9.91914580e-01,  7.35061985e-01,  4.20022056e-01,  8.93478125e-01,
        6.83491533e-01,  4.14013762e-01, -9.84364548e-02, -5.15704521e-02,
       -6.00829429e-03,  0.00000000e+00,  0.00000000e+00,  1.89194847e-04,
       -2.49398658e-03,  7.06932511e-02, -3.55412334e-03,  1.30483354e-02,
       -4.86071800e-04,  8.28097704e-03, -8.91956373e-02, -1.17070630e-02,
        3.44750535e-03, -1.30078048e-02,  4.26751433e-04,  5.82394489e-03,
        1.89412723e-04]), 'achieved_goal': array([0.89347812, 0.68349153, 0.41401376]), 'desired_goal': array([1.32333506, 0.69289487, 0.41405476])} -1.0 False {'is_success': 0.0}
[ 0.15189299  0.8585924  -0.36286208  0.33482075] {'observation': array([ 9.94953602e-01,  7.51247783e-01,  4.19476540e-01,  8.93490176e-01,
        6.83532059e-01,  4.14032331e-01, -1.01463426e-01, -6.77157240e-02,
       -5.44420934e-03,  0.00000000e+00,  0.00000000e+00, -5.38123540e-04,
       -1.67845273e-03,  6.05374828e-02, -2.09176896e-03, -1.71082657e-02,
        8.65048565e-04,  1.28042410e-02,  3.59944888e-02, -1.84845785e-02,
        2.15137664e-03,  1.71487876e-02, -8.41483669e-04,  8.98120057e-04,
        1.42439587e-02]), 'achieved_goal': array([0.89349018, 0.68353206, 0.41403233]), 'desired_goal': array([1.32333506, 0.69289487, 0.41405476])} -1.0 False {'is_success': 0.0}
[-0.7364043   0.4326544  -0.42118782 -0.6336173 ] {'observation': array([ 9.81357364e-01,  7.62122216e-01,  4.19458343e-01,  8.93508223e-01,
        6.83572577e-01,  4.14027049e-01, -8.78491406e-02, -7.85496392e-02,
       -5.43129431e-03,  0.00000000e+00,  0.00000000e+00,  1.10621601e-04,
        3.99191430e-03,  3.71996719e-02,  1.31017606e-02, -6.85566327e-03,
        3.45101742e-04,  2.76686964e-03,  2.03146511e-02, -1.90888518e-02,
       -1.30633139e-02,  6.89617636e-03, -2.91184351e-04,  1.31164891e-04,
        7.96140960e-03]), 'achieved_goal': array([0.89350822, 0.68357258, 0.41402705]), 'desired_goal': array([1.32333506, 0.69289487, 0.41405476])} -1.0 False {'is_success': 0.0}
[ 0.17302588 -0.9597849   0.65788007 -0.99060905] {'observation': array([ 9.84616550e-01,  7.33519526e-01,  4.39551446e-01,  8.93508245e-01,
        6.83613086e-01,  4.14045423e-01, -9.11083047e-02, -4.99064405e-02,
       -2.55060224e-02,  0.00000000e+00,  0.00000000e+00,  4.42164847e-05,
       -2.54978079e-03,  1.99170714e-02, -5.41608457e-03,  2.59264096e-02,
       -1.73083330e-02,  8.45527016e-05, -8.88101360e-02, -1.57382412e-02,
        5.30609568e-03, -2.58859047e-02,  1.72638329e-02,  1.41400733e-03,
        3.34314381e-03]), 'achieved_goal': array([0.89350824, 0.68361309, 0.41404542]), 'desired_goal': array([1.32333506, 0.69289487, 0.41405476])} -1.0 False {'is_success': 0.0}
[ 0.35563308 -0.45998406  0.47038805  0.9243771 ] {'observation': array([ 9.95529545e-01,  7.16672040e-01,  4.55815498e-01,  8.93515963e-01,
        6.83653586e-01,  4.14052482e-01, -1.02013581e-01, -3.30184538e-02,
       -4.17630156e-02,  0.00000000e+00,  0.00000000e+00, -1.49250395e-04,
       -1.61295626e-03,  2.68923685e-03, -8.46111619e-03,  9.14681091e-03,
       -1.03368139e-02,  1.03228695e-02,  3.71477659e-02, -2.22522420e-02,
        8.51603399e-03, -9.10631428e-03,  1.03527365e-02,  4.37724689e-04,
        2.81237525e-03]), 'achieved_goal': array([0.89351596, 0.68365359, 0.41405248]), 'desired_goal': array([1.32333506, 0.69289487, 0.41405476])} -1.0 False {'is_success': 0.0}
[-0.50249374  0.15231466  0.18408386  0.14450382] {'observation': array([ 9.81331446e-01,  7.20401527e-01,  4.62415316e-01,  8.93528249e-01,
        6.83694078e-01,  4.14050504e-01, -8.78031972e-02, -3.67074495e-02,
       -4.83648122e-02,  0.00000000e+00,  0.00000000e+00,  6.74566027e-04,
        3.92778731e-03, -1.64144017e-02,  1.42525330e-02, -4.91779895e-03,
       -3.57887989e-03,  5.81813161e-03,  1.88377742e-02, -1.75760417e-02,
       -1.42198493e-02,  4.95828629e-03,  3.61454066e-03,  3.10738597e-05,
        2.30275005e-03]), 'achieved_goal': array([0.89352825, 0.68369408, 0.4140505 ]), 'desired_goal': array([1.32333506, 0.69289487, 0.41405476])} -1.0 False {'is_success': 0.0}
[-0.55383676  0.905498   -0.10574924  0.69281733] {'observation': array([ 9.62799469e-01,  7.48472310e-01,  4.59556979e-01,  8.93523099e-01,
        6.83734561e-01,  4.14044880e-01, -6.92763699e-02, -6.47377492e-02,
       -4.55120993e-02,  0.00000000e+00,  0.00000000e+00,  1.01982615e-04,
       -2.50870675e-03, -3.69778750e-02,  1.29463409e-02, -2.27914146e-02,
        3.13947891e-03,  1.54421705e-03, -8.87272082e-02, -1.88105801e-02,
       -1.30621397e-02,  2.28318931e-02, -3.19618361e-03,  4.09596874e-04,
        1.98012632e-03]), 'achieved_goal': array([0.8935231 , 0.68373456, 0.41404488]), 'desired_goal': array([1.32333506, 0.69289487, 0.41405476])} -1.0 False {'is_success': 0.0}
[ 0.39895856 -0.4051261   0.62759566 -0.20698851] {'observation': array([ 9.73128007e-01,  7.38387130e-01,  4.78396321e-01,  8.93525156e-01,
        6.83775035e-01,  4.14047926e-01, -7.96028517e-02, -5.46120946e-02,
       -6.43483950e-02,  0.00000000e+00,  0.00000000e+00, -1.70178230e-04,
       -1.62245020e-03, -5.60105366e-02, -1.13256849e-02,  1.31963046e-02,
       -1.69491023e-02,  1.01981309e-02,  3.71683930e-02, -2.34583193e-02,
        1.13750891e-02, -1.31558342e-02,  1.69660661e-02,  1.25651480e-03,
        3.76152919e-04]), 'achieved_goal': array([0.89352516, 0.68377504, 0.41404793]), 'desired_goal': array([1.32333506, 0.69289487, 0.41405476])} -1.0 False {'is_success': 0.0}
[0.7622064  0.16254574 0.7634707  0.38506317] {'observation': array([ 9.96760345e-01,  7.42059195e-01,  5.03773793e-01,  8.93531846e-01,
        6.83815500e-01,  4.14048417e-01, -1.03228499e-01, -5.82436950e-02,
       -8.97253753e-02,  0.00000000e+00,  0.00000000e+00,  7.48133365e-04,
        3.92757629e-03, -7.63247041e-02, -1.81054080e-02, -5.72712927e-03,
       -1.81904443e-02,  6.21378803e-03,  1.86815980e-02, -1.90242591e-02,
        1.81324122e-02,  5.76759021e-03,  1.82275232e-02,  3.41027246e-04,
        7.74416543e-04]), 'achieved_goal': array([0.89353185, 0.6838155 , 0.41404842]), 'desired_goal': array([1.32333506, 0.69289487, 0.41405476])} -1.0 False {'is_success': 0.0}
[0.45050856 0.00264876 0.91216725 0.2879804 ] {'observation': array([ 1.00386909e+00,  7.48956425e-01,  4.40672029e-01,  1.03060567e+00,
        8.43411041e-01,  4.14053234e-01,  2.67365775e-02,  9.44546155e-02,
       -2.66187949e-02,  0.00000000e+00,  0.00000000e+00,  1.45425283e-04,
        3.63275211e-03,  8.65171629e-02, -1.11385580e-02, -1.75989835e-05,
       -2.40533841e-02,  3.31043916e-03,  1.99192562e-02,  1.24199796e-02,
        1.11900853e-02,  6.48342958e-05,  2.40899743e-02,  5.01763789e-06,
        4.91411068e-05]), 'achieved_goal': array([1.03060567, 0.84341104, 0.41405323]), 'desired_goal': array([1.50606165, 0.66193536, 0.41405476])} -1.0 False {'is_success': 0.0}
[-0.1522899   0.21278642 -0.9616136  -0.39685038] {'observation': array([ 1.00043689e+00,  7.55312237e-01,  4.15527421e-01,  1.03061772e+00,
        8.43458272e-01,  4.14052051e-01,  3.01808294e-02,  8.81460351e-02,
       -1.47536972e-03,  0.00000000e+00,  0.00000000e+00,  5.16706209e-04,
       -2.51251798e-03,  9.50924413e-02,  2.49908131e-03, -3.65383100e-03,
        1.26709886e-02,  1.76098561e-02, -8.75219407e-02,  1.28012101e-02,
       -2.59705555e-03,  3.70105795e-03, -1.27465803e-02, -2.95673022e-04,
        1.20353308e-03]), 'achieved_goal': array([1.03061772, 0.84345827, 0.41405205]), 'desired_goal': array([1.50606165, 0.66193536, 0.41405476])} -1.0 False {'is_success': 0.0}
[ 0.32034707 -0.41984478  0.23603086 -0.1424626 ] {'observation': array([ 1.00905254e+00,  7.44178337e-01,  4.23282016e-01,  1.03063841e+00,
        8.43505494e-01,  4.14047864e-01,  2.15858722e-02,  9.93271564e-02,
       -9.23415227e-03,  0.00000000e+00,  0.00000000e+00, -2.21999209e-04,
       -1.66782453e-03,  1.10598177e-01, -8.72105727e-03,  1.23571625e-02,
       -6.35304218e-03,  2.60658291e-03,  3.93074453e-02,  1.17703324e-02,
        8.78905469e-03, -1.23099452e-02,  6.38587187e-03,  2.25196965e-03,
        1.11037886e-04]), 'achieved_goal': array([1.03063841, 0.84350549, 0.41404786]), 'desired_goal': array([1.50606165, 0.66193536, 0.41405476])} -1.0 False {'is_success': 0.0}
[-0.7290519  -0.40343535  0.13992982  0.18174553] {'observation': array([ 9.88080251e-01,  7.30639314e-01,  4.28088355e-01,  1.03066351e+00,
        8.43552707e-01,  4.14050233e-01,  4.25832625e-02,  1.12913393e-01,
       -1.40381217e-02,  0.00000000e+00,  0.00000000e+00, -7.07155662e-04,
        3.61502860e-03,  1.15948809e-01,  2.03407005e-02,  9.04977030e-03,
       -2.97513679e-03, -5.99918188e-03,  1.85384164e-02,  8.29423615e-03,
       -2.02940748e-02, -9.00256181e-03,  3.00700952e-03,  1.40113946e-03,
        2.33747286e-04]), 'achieved_goal': array([1.03066351, 0.84355271, 0.41405023]), 'desired_goal': array([1.50606165, 0.66193536, 0.41405476])} -1.0 False {'is_success': 0.0}
[ 0.1486505   0.30640164  0.30420655 -0.13716313] {'observation': array([ 9.90185235e-01,  7.39121286e-01,  4.37666201e-01,  1.03067319e+00,
        8.43599910e-01,  4.14041515e-01,  4.04879578e-02,  1.04478624e-01,
       -2.36246858e-02,  0.00000000e+00,  0.00000000e+00, -1.12808872e-04,
       -2.68222135e-03,  1.30381152e-01, -6.09752657e-03, -8.94679988e-03,
       -7.64615779e-03, -6.67790377e-03, -8.73806498e-02,  1.42147581e-02,
        5.99727096e-03,  8.99399892e-03,  7.58775266e-03,  4.80612314e-04,
        6.36347168e-04]), 'achieved_goal': array([1.03067319, 0.84359991, 0.41404152]), 'desired_goal': array([1.50606165, 0.66193536, 0.41405476])} -1.0 False {'is_success': 0.0}
[ 0.7930932  -0.26487625 -0.12827015  0.78384674] {'observation': array([ 1.01425811e+00,  7.31855631e-01,  4.34525625e-01,  1.03068986e+00,
        8.43647105e-01,  4.14050690e-01,  1.64317495e-02,  1.11791473e-01,
       -2.04749346e-02,  0.00000000e+00,  0.00000000e+00,  4.86858403e-04,
       -1.76719147e-03,  1.37676335e-01, -1.97619892e-02,  8.02382102e-03,
        4.44397410e-03, -5.97790826e-03,  3.74212404e-02,  9.54696557e-03,
        1.98262830e-02, -7.97663054e-03, -4.41688225e-03,  7.79102521e-04,
       -1.59921922e-05]), 'achieved_goal': array([1.03068986, 0.8436471 , 0.41405069]), 'desired_goal': array([1.50606165, 0.66193536, 0.41405476])} -1.0 False {'is_success': 0.0}
[ 0.61238796  0.40777716 -0.79954624  0.83896524] {'observation': array([ 1.03157991e+00,  7.41834231e-01,  4.15663059e-01,  1.03071349e+00,
        8.43694290e-01,  4.14041593e-01, -8.66425870e-04,  1.01860059e-01,
       -1.62146562e-03,  0.00000000e+00,  0.00000000e+00,  2.05677171e-04,
        3.87137999e-03,  1.53375928e-01, -5.35380724e-03, -5.68220653e-03,
        9.71726340e-04,  2.61506796e-03,  2.08543654e-02,  1.41622598e-02,
        5.39817712e-03,  5.72938774e-03, -9.32640023e-04,  2.09479074e-04,
        4.35529325e-03]), 'achieved_goal': array([1.03071349, 0.84369429, 0.41404159]), 'desired_goal': array([1.50606165, 0.66193536, 0.41405476])} -1.0 False {'is_success': 0.0}
[ 0.4284826  0.997694  -0.7011034  0.7362521] {'observation': array([ 1.03690405e+00,  7.59010998e-01,  4.17398839e-01,  1.03071891e+00,
        8.43741466e-01,  4.14049290e-01, -6.18513634e-03,  8.47304684e-02,
       -3.34954955e-03,  0.00000000e+00,  0.00000000e+00, -1.52995139e-04,
       -2.50349238e-03,  1.60446264e-01, -4.64132779e-03, -1.65129946e-02,
       -1.05044434e-03, -4.03604690e-03, -8.89997834e-02,  2.25937163e-03,
        4.53681573e-03,  1.65601659e-02,  9.95041466e-04,  3.09330795e-04,
        1.63738989e-02]), 'achieved_goal': array([1.03071891, 0.84374147, 0.41404929]), 'desired_goal': array([1.50606165, 0.66193536, 0.41405476])} -1.0 False {'is_success': 0.0}
[-0.67501414  0.23111913 -0.75236005  0.69601643] {'observation': array([ 1.03035189e+00,  7.64775843e-01,  4.17563137e-01,  1.03073310e+00,
        8.43788632e-01,  4.14059149e-01,  3.81208060e-04,  7.90127894e-02,
       -3.50398848e-03,  0.00000000e+00,  0.00000000e+00,  2.45836015e-05,
       -1.76896503e-03,  1.61315683e-01,  7.77594938e-03, -2.24067533e-03,
        2.70705481e-04, -3.67523298e-04,  3.86148946e-02,  8.44811009e-04,
       -7.71386522e-03,  2.28783660e-03, -2.36554339e-04,  1.37339781e-04,
        2.49109253e-03]), 'achieved_goal': array([1.0307331 , 0.84378863, 0.41405915]), 'desired_goal': array([1.50606165, 0.66193536, 0.41405476])} -1.0 False {'is_success': 0.0}
[ 0.6146379   0.13820148 -0.1856334  -0.861666  ] {'observation': array([ 1.04025299e+00,  7.68831255e-01,  4.19512534e-01,  1.03075394e+00,
        8.43835788e-01,  4.14059219e-01, -9.49904804e-03,  7.50045329e-02,
       -5.45331497e-03,  0.00000000e+00,  0.00000000e+00,  9.25283658e-05,
        3.64256238e-03,  1.62079218e-01, -1.08528400e-02, -2.89640213e-03,
       -1.27094735e-03,  1.06423291e-03,  1.99601911e-02,  5.16447088e-05,
        1.08956945e-02,  2.94355344e-03,  1.30584503e-03,  2.39451803e-05,
        2.25602490e-03]), 'achieved_goal': array([1.03075394, 0.84383579, 0.41405922]), 'desired_goal': array([1.50606165, 0.66193536, 0.41405476])} -1.0 False {'is_success': 0.0}
[ 0.39485756 -0.09291463  0.4441112   0.73276466] {'observation': array([ 1.00215259e+00,  7.46008359e-01,  4.26460993e-01,  1.08923306e+00,
        7.01854681e-01,  4.14052421e-01,  8.70804745e-02, -4.41536779e-02,
       -1.24085720e-02,  0.00000000e+00,  0.00000000e+00,  6.08555947e-04,
        3.63888645e-03,  8.08876127e-02, -1.02076377e-02,  2.48127075e-03,
       -1.14688336e-02,  2.01519087e-03,  1.98716038e-02, -1.33934358e-04,
        1.02578695e-02, -2.43403547e-03,  1.14961945e-02,  6.01912010e-05,
       -9.58670809e-06]), 'achieved_goal': array([1.08923306, 0.70185468, 0.41405242]), 'desired_goal': array([1.36700616, 0.91020619, 0.41405476])} -1.0 False {'is_success': 0.0}
[ 0.951043    0.7116067  -0.97657186 -0.28004387] {'observation': array([ 1.02128026e+00,  7.61556252e-01,  4.15613310e-01,  1.08924486e+00,
        7.01901911e-01,  4.14050871e-01,  6.79646018e-02, -5.96543408e-02,
       -1.56243847e-03,  0.00000000e+00,  0.00000000e+00,  7.72624076e-05,
       -2.42868590e-03,  7.77266858e-02, -8.70106061e-03, -9.84266825e-03,
       -1.66487121e-03, -3.08866393e-03, -8.80195821e-02, -1.67456470e-03,
        8.60201821e-03,  9.88989308e-03,  1.61005997e-03, -6.36864726e-05,
        9.24134515e-03]), 'achieved_goal': array([1.08924486, 0.70190191, 0.41405087]), 'desired_goal': array([1.36700616, 0.91020619, 0.41405476])} -1.0 False {'is_success': 0.0}
[ 0.4599811  -0.65674067  0.04207321 -0.89132404] {'observation': array([ 1.03414720e+00,  7.44527051e-01,  4.20902106e-01,  1.08926378e+00,
        7.01949132e-01,  4.14055738e-01,  5.51165855e-02, -4.25779191e-02,
       -6.84636830e-03,  0.00000000e+00,  0.00000000e+00,  5.62318886e-05,
       -1.70491082e-03,  7.19133352e-02, -1.22659873e-02,  1.98794133e-02,
        2.04259697e-03,  5.42411563e-03,  3.82097533e-02, -9.01920327e-03,
        1.23325315e-02, -1.98321973e-02, -2.01343083e-03,  6.33240342e-03,
        6.52292095e-04]), 'achieved_goal': array([1.08926378, 0.70194913, 0.41405574]), 'desired_goal': array([1.36700616, 0.91020619, 0.41405476])} -1.0 False {'is_success': 0.0}
[-0.60000694 -0.9629564   0.5873954  -0.5521506 ] {'observation': array([ 1.01753968e+00,  7.13169725e-01,  4.38339594e-01,  1.08928808e+00,
        7.01996342e-01,  4.14056583e-01,  7.17484015e-02, -1.11733833e-02,
       -2.42830116e-02,  0.00000000e+00,  0.00000000e+00,  3.43713783e-04,
        3.83348723e-03,  6.48417777e-02,  1.77165767e-02,  2.26086915e-02,
       -1.55080377e-02,  1.22940349e-03,  1.98197113e-02, -8.52072040e-03,
       -1.76711958e-02, -2.25614856e-02,  1.55421754e-02,  4.29958147e-03,
        4.72381174e-04]), 'achieved_goal': array([1.08928808, 0.70199634, 0.41405658]), 'desired_goal': array([1.36700616, 0.91020619, 0.41405476])} -1.0 False {'is_success': 0.0}
[-0.30929664  0.8561626   0.4088288  -0.93632215] {'observation': array([ 1.00611102e+00,  7.37031412e-01,  4.52354135e-01,  1.08929504e+00,
        7.02043543e-01,  4.14057623e-01,  8.31840199e-02, -3.49878692e-02,
       -3.82965124e-02,  0.00000000e+00,  0.00000000e+00,  4.43657795e-05,
       -2.53643452e-03,  5.75558251e-02,  6.27188023e-03, -2.46202695e-02,
       -8.94873747e-03, -6.25182662e-03, -8.75158102e-02, -4.71413477e-03,
       -6.37519942e-03,  2.46674648e-02,  8.89081187e-03,  1.69254803e-03,
        1.56767508e-03]), 'achieved_goal': array([1.08929504, 0.70204354, 0.41405762]), 'desired_goal': array([1.36700616, 0.91020619, 0.41405476])} -1.0 False {'is_success': 0.0}
[-0.6706117   0.2429568   0.15445718 -0.5242144 ] {'observation': array([ 9.85204670e-01,  7.46972396e-01,  4.57905589e-01,  1.08930977e+00,
        7.02090733e-01,  4.14053775e-01,  1.04105102e-01, -4.48816630e-02,
       -4.38518137e-02,  0.00000000e+00,  0.00000000e+00,  5.13849585e-05,
       -1.74102790e-03,  4.72635257e-02,  1.69882436e-02, -3.53445362e-03,
       -2.99980694e-03,  7.85051469e-03,  3.79790071e-02, -1.45737370e-02,
       -1.69258335e-02,  3.58164001e-03,  3.01969014e-03,  1.78137402e-03,
        4.46019684e-04]), 'achieved_goal': array([1.08930977, 0.70209073, 0.41405377]), 'desired_goal': array([1.36700616, 0.91020619, 0.41405476])} -1.0 False {'is_success': 0.0}
[0.868428   0.22793192 0.07126561 0.17981996] {'observation': array([ 1.00901213e+00,  7.54428521e-01,  4.60417415e-01,  1.08932990e+00,
        7.02137914e-01,  4.14052650e-01,  8.03177681e-02, -5.22906076e-02,
       -4.63647659e-02,  0.00000000e+00,  0.00000000e+00,  7.66912235e-04,
        3.90665834e-03,  3.68036002e-02, -2.41216753e-02, -5.56873174e-03,
       -1.39954068e-03,  6.75404532e-03,  1.86258130e-02, -1.08507980e-02,
        2.41620747e-02,  5.61590730e-03,  1.43223179e-03,  1.18651363e-03,
        3.35247533e-04]), 'achieved_goal': array([1.0893299 , 0.70213791, 0.41405265]), 'desired_goal': array([1.36700616, 0.91020619, 0.41405476])} -1.0 False {'is_success': 0.0}
[ 0.46024406 -0.37611002 -0.20355788 -0.5803125 ] {'observation': array([ 1.02534220e+00,  7.43399371e-01,  4.54206359e-01,  1.08933231e+00,
        7.02185084e-01,  4.14043994e-01,  6.39901100e-02, -4.12142862e-02,
       -4.01623646e-02,  0.00000000e+00,  0.00000000e+00,  1.32922808e-04,
       -2.47328405e-03,  2.05273195e-02, -9.45552063e-03,  1.04929144e-02,
        5.57625443e-03,  4.41340680e-03, -8.84897826e-02, -1.50710766e-02,
        9.34703970e-03, -1.04457490e-02, -5.63351763e-03,  1.22236607e-03,
        1.55349493e-04]), 'achieved_goal': array([1.08933231, 0.70218508, 0.41404399]), 'desired_goal': array([1.36700616, 0.91020619, 0.41405476])} -1.0 False {'is_success': 0.0}
[-0.62761396  0.8887448   0.4791016  -0.01908238] {'observation': array([ 1.00748310e+00,  7.69383603e-01,  4.68000890e-01,  1.08934128e+00,
        7.02232244e-01,  4.14052121e-01,  8.18581801e-02, -6.71513589e-02,
       -5.39487689e-02,  0.00000000e+00,  0.00000000e+00, -7.61973885e-05,
       -1.59599544e-03,  6.86144213e-03,  1.81277409e-02, -2.39407687e-02,
       -1.30460084e-02,  7.45825025e-03,  3.77117618e-02, -1.64818199e-02,
       -1.80715902e-02,  2.39879244e-02,  1.30737638e-02,  2.72096251e-04,
        9.83661900e-04]), 'achieved_goal': array([1.08934128, 0.70223224, 0.41405212]), 'desired_goal': array([1.36700616, 0.91020619, 0.41405476])} -1.0 False {'is_success': 0.0}
[-0.5451707  -0.49128702 -0.88394165 -0.13116676] {'observation': array([ 9.88698781e-01,  7.56868781e-01,  4.42638821e-01,  1.08935468e+00,
        7.02279394e-01,  4.14056479e-01,  1.00655904e-01, -5.45893865e-02,
       -2.85823418e-02,  0.00000000e+00,  0.00000000e+00,  5.92865285e-04,
        3.89116982e-03, -5.94276206e-03,  1.23081635e-02,  1.53319362e-02,
        2.45810982e-02,  5.95586920e-03,  1.88980363e-02, -1.15281444e-02,
       -1.22743142e-02, -1.52847915e-02, -2.45442580e-02,  1.24686214e-03,
        1.82835375e-04]), 'achieved_goal': array([1.08935468, 0.70227939, 0.41405648]), 'desired_goal': array([1.36700616, 0.91020619, 0.41405476])} -1.0 False {'is_success': 0.0}
