Creating window glfw
action observation reward done info
<class 'numpy.ndarray'> <class 'dict'> <class 'numpy.float32'> <class 'bool'> <class 'dict'>
[0.09762701 0.43037874 0.20552675 0.08976637] {'observation': array([ 1.34479779e+00,  7.59976704e-01,  4.21934440e-01,  1.36303340e+00,
        8.88037947e-01,  4.24737381e-01,  1.82356100e-02,  1.28061243e-01,
        2.80294100e-03,  0.00000000e+00,  0.00000000e+00, -5.03884423e-08,
        7.75206804e-08, -6.45952076e-17, -2.36728771e-03, -1.24638951e-02,
       -4.24163406e-03,  2.85323085e-08, -4.38958592e-08,  1.26148943e-18,
        2.36728661e-03,  1.24638944e-02,  4.26829962e-03,  8.05874181e-05,
        3.22572783e-03]), 'achieved_goal': array([1.3630334 , 0.88803795, 0.42473738]), 'desired_goal': array([1.20705203, 0.61711036, 0.42469975])} -1.0 False {'is_success': 0.0}
[-0.1526904   0.29178822 -0.12482557  0.78354603] {'observation': array([ 1.34070773e+00,  7.70050015e-01,  4.18946658e-01,  1.36303340e+00,
        8.88037946e-01,  4.24757513e-01,  2.23256700e-02,  1.17987931e-01,
        5.81085525e-03,  0.00000000e+00,  0.00000000e+00, -2.88713263e-08,
        4.44174251e-08, -1.37632776e-15,  2.46831256e-03, -4.64167205e-03,
        6.17657430e-04,  1.62724006e-08, -2.50344625e-08, -1.47294548e-18,
       -2.46831319e-03,  4.64167164e-03, -6.02421448e-04, -5.70782870e-04,
        2.96336632e-03]), 'achieved_goal': array([1.3630334 , 0.88803795, 0.42475751]), 'desired_goal': array([1.20705203, 0.61711036, 0.42469975])} -1.0 False {'is_success': 0.0}
[ 0.92732555 -0.23311697  0.5834501   0.05778984] {'observation': array([ 1.36748355e+00,  7.63279156e-01,  4.37340453e-01,  1.36303340e+00,
        8.88037946e-01,  4.24769027e-01, -4.45015162e-03,  1.24758789e-01,
       -1.25714261e-02,  0.00000000e+00,  0.00000000e+00, -1.65741696e-08,
        2.54987225e-08, -1.80788311e-15, -2.41575749e-02,  6.68725612e-03,
       -1.52279732e-02,  9.31711993e-09, -1.43340307e-08, -3.66873647e-18,
        2.41575746e-02, -6.68725636e-03,  1.52366951e-02,  4.10257088e-06,
        1.73197050e-03]), 'achieved_goal': array([1.3630334 , 0.88803795, 0.42476903]), 'desired_goal': array([1.20705203, 0.61711036, 0.42469975])} -1.0 False {'is_success': 0.0}
[ 0.13608912  0.85119325 -0.85792786 -0.8257414 ] {'observation': array([ 1.37374814e+00,  7.87230156e-01,  4.15947667e-01,  1.36303340e+00,
        8.88037946e-01,  4.24775622e-01, -1.07147456e-02,  1.00807790e-01,
        8.82795523e-03,  0.00000000e+00,  0.00000000e+00, -9.52496621e-09,
        1.46537942e-08, -1.95089836e-15, -6.85413418e-04, -1.38738674e-02,
        5.84925784e-03,  5.34650724e-09, -8.22539576e-09, -1.61952944e-18,
        6.85413213e-04,  1.38738673e-02, -5.84425973e-03, -1.64811982e-04,
        7.96699940e-03]), 'achieved_goal': array([1.3630334 , 0.88803795, 0.42477562]), 'desired_goal': array([1.20705203, 0.61711036, 0.42469975])} -1.0 False {'is_success': 0.0}
[-0.9595632   0.6652397   0.5563135   0.74002427] {'observation': array([ 1.34622234e+00,  8.08723006e-01,  4.33567477e-01,  1.36303340e+00,
        8.88037946e-01,  4.24779403e-01,  1.68110572e-02,  7.93149395e-02,
       -8.78807391e-03,  0.00000000e+00,  0.00000000e+00, -5.47721600e-09,
        8.42648616e-09, -1.99703562e-15,  2.71871066e-02, -1.56454162e-02,
       -1.37224740e-02,  3.07185103e-09, -4.72592468e-09, -3.22748622e-18,
       -2.71871067e-02,  1.56454161e-02,  1.37253399e-02,  4.68386412e-04,
        5.43805636e-03]), 'achieved_goal': array([1.3630334 , 0.88803795, 0.4247794 ]), 'desired_goal': array([1.20705203, 0.61711036, 0.42469975])} -1.0 False {'is_success': 0.0}
[ 0.9572367   0.59831715 -0.07704128  0.56105834] {'observation': array([ 1.37114550e+00,  8.28791161e-01,  4.32769232e-01,  1.36303340e+00,
        8.88037946e-01,  4.24781571e-01, -8.11210469e-03,  5.92467847e-02,
       -7.98766087e-03,  0.00000000e+00,  0.00000000e+00, -3.15070137e-09,
        4.84723287e-09, -2.01139976e-15, -2.74343833e-02, -1.39997906e-02,
        3.77936628e-03,  1.76619284e-09, -2.71721976e-09,  9.18678898e-19,
        2.74343833e-02,  1.39997906e-02, -3.77772239e-03,  4.36892428e-04,
        3.59840546e-03]), 'achieved_goal': array([1.3630334 , 0.88803795, 0.42478157]), 'desired_goal': array([1.20705203, 0.61711036, 0.42469975])} -1.0 False {'is_success': 0.0}
[-0.76345116  0.27984205 -0.71329343  0.88933784] {'observation': array([ 1.35572109e+00,  8.38227152e-01,  4.16350764e-01,  1.36303340e+00,
        8.88037946e-01,  4.24782815e-01,  7.31230464e-03,  4.98107941e-02,
        8.43205093e-03,  0.00000000e+00,  0.00000000e+00, -1.81276253e-09,
        2.78886541e-09, -2.01695026e-15,  9.53577930e-03, -3.11426120e-03,
        1.57869772e-04,  1.01590223e-09, -1.56292650e-09,  2.46319303e-18,
       -9.53577934e-03,  3.11426117e-03, -1.56926657e-04, -2.60025362e-05,
        2.75726290e-03]), 'achieved_goal': array([1.3630334 , 0.88803795, 0.42478281]), 'desired_goal': array([1.20705203, 0.61711036, 0.42469975])} -1.0 False {'is_success': 0.0}
[ 0.04369664 -0.17067613 -0.47088876  0.5484674 ] {'observation': array([ 1.35474812e+00,  8.36175347e-01,  4.16960944e-01,  1.36303340e+00,
        8.88037946e-01,  4.24783528e-01,  8.28527963e-03,  5.18625989e-02,
        7.82258411e-03,  0.00000000e+00,  0.00000000e+00, -1.04309534e-09,
        1.60476205e-09, -2.01848530e-15, -5.54918559e-04,  2.19909073e-03,
       -4.84474007e-04,  5.84475482e-10, -8.99193055e-10, -9.42247214e-19,
        5.54918537e-04, -2.19909074e-03,  4.85015143e-04,  2.16902033e-03,
        1.38616085e-04]), 'achieved_goal': array([1.3630334 , 0.88803795, 0.42478353]), 'desired_goal': array([1.20705203, 0.61711036, 0.42469975])} -1.0 False {'is_success': 0.0}
[-0.08769934  0.1368679  -0.9624204   0.23527099] {'observation': array([ 1.35417002e+00,  8.37692155e-01,  4.16104789e-01,  1.36303340e+00,
        8.88037946e-01,  4.24783938e-01,  8.86337980e-03,  5.03457901e-02,
        8.67914920e-03,  0.00000000e+00,  0.00000000e+00, -6.00254489e-10,
        9.23468436e-10, -2.02094429e-15,  7.03573439e-04, -1.61590206e-03,
        7.31878932e-04,  3.36308873e-10, -5.17398261e-10, -3.06371196e-20,
       -7.03573452e-04,  1.61590205e-03, -7.31568422e-04,  1.13821776e-04,
        1.58837322e-03]), 'achieved_goal': array([1.3630334 , 0.88803795, 0.42478394]), 'desired_goal': array([1.20705203, 0.61711036, 0.42469975])} -1.0 False {'is_success': 0.0}
[0.22419144 0.23386799 0.8874962  0.3636406 ] {'observation': array([ 1.36053547e+00,  8.45033435e-01,  4.43156332e-01,  1.36303340e+00,
        8.88037946e-01,  4.24784173e-01,  2.49792466e-03,  4.30045103e-02,
       -1.83721588e-02,  0.00000000e+00,  0.00000000e+00, -3.45432399e-10,
        5.31434456e-10, -2.02192058e-15, -5.37501493e-03, -5.86103860e-03,
       -2.34294557e-02,  1.93527813e-10, -2.97735092e-10,  1.01513736e-18,
        5.37501493e-03,  5.86103859e-03,  2.34296339e-02,  1.07800133e-04,
        1.17679954e-03]), 'achieved_goal': array([1.3630334 , 0.88803795, 0.42478417]), 'desired_goal': array([1.20705203, 0.61711036, 0.42469975])} -1.0 False {'is_success': 0.0}
[-0.2809842  -0.12593609  0.3952624  -0.8795491 ] {'observation': array([ 1.33348837e+00,  7.45072435e-01,  4.25529213e-01,  1.33470070e+00,
        8.64066239e-01,  4.24737381e-01,  1.21232521e-03,  1.18993804e-01,
       -7.91831853e-04,  0.00000000e+00,  0.00000000e+00, -5.03884423e-08,
        7.75206804e-08, -6.49826462e-17,  7.53949918e-03,  3.26123878e-03,
       -1.02893378e-02,  2.85323085e-08, -4.38958592e-08,  1.78052718e-18,
       -7.53950028e-03, -3.26123949e-03,  1.03160034e-02,  8.07567901e-05,
       -3.93388818e-05]), 'achieved_goal': array([1.3347007 , 0.86406624, 0.42473738]), 'desired_goal': array([1.2818489 , 0.79487789, 0.42469975])} -1.0 False {'is_success': 0.0}
[ 0.33353344  0.34127575 -0.5792349  -0.7421474 ] {'observation': array([ 1.33962455e+00,  7.53055320e-01,  4.16142350e-01,  1.33470070e+00,
        8.64066239e-01,  4.24757513e-01, -4.92384968e-03,  1.11010919e-01,
        8.61516324e-03,  0.00000000e+00,  0.00000000e+00, -2.88713263e-08,
        4.44174251e-08, -1.37792571e-15, -3.13502389e-03, -4.52143913e-03,
       -4.40682280e-04,  1.62724006e-08, -2.50344625e-08, -1.37206417e-18,
        3.13502327e-03,  4.52143873e-03,  4.55918261e-04, -5.23081654e-05,
        3.86140435e-03]), 'achieved_goal': array([1.3347007 , 0.86406624, 0.42475751]), 'desired_goal': array([1.2818489 , 0.79487789, 0.42469975])} -1.0 False {'is_success': 0.0}
[-0.3691433  -0.27257845  0.14039354 -0.12279698] {'observation': array([ 1.33049499e+00,  7.45511543e-01,  4.22093965e-01,  1.33470070e+00,
        8.64066238e-01,  4.24769027e-01,  4.20570984e-03,  1.18554695e-01,
        2.67506216e-03,  0.00000000e+00,  0.00000000e+00, -1.65741696e-08,
        2.54987225e-08, -1.80784245e-15,  1.11780918e-02,  7.71474832e-03,
       -2.36391919e-03,  9.31711993e-09, -1.43340307e-08,  9.74682991e-19,
       -1.11780921e-02, -7.71474855e-03,  2.37264102e-03,  1.63886697e-03,
        2.00915791e-04]), 'achieved_goal': array([1.3347007 , 0.86406624, 0.42476903]), 'desired_goal': array([1.2818489 , 0.79487789, 0.42469975])} -1.0 False {'is_success': 0.0}
[ 0.9767477  -0.79591036 -0.5822465  -0.677381  ] {'observation': array([ 1.34862485e+00,  7.25531947e-01,  4.19017808e-01,  1.33470069e+00,
        8.64066238e-01,  4.24775622e-01, -1.39241584e-02,  1.38534291e-01,
        5.75781470e-03,  0.00000000e+00,  0.00000000e+00, -9.52496621e-09,
        1.46537942e-08, -1.94900279e-15, -1.74061952e-02,  1.56187126e-02,
        2.44111766e-03,  5.34650724e-09, -8.22539575e-09, -5.31002880e-19,
        1.74061950e-02, -1.56187127e-02, -2.43611956e-03,  9.92580207e-03,
       -9.79093574e-06]), 'achieved_goal': array([1.33470069, 0.86406624, 0.42477562]), 'desired_goal': array([1.2818489 , 0.79487789, 0.42469975])} -1.0 False {'is_success': 0.0}
[ 0.30621666 -0.4934168  -0.06737845 -0.5111488 ] {'observation': array([ 1.35855520e+00,  7.10381728e-01,  4.19618029e-01,  1.33470069e+00,
        8.64066238e-01,  4.24779403e-01, -2.38545070e-02,  1.53684510e-01,
        5.16137410e-03,  0.00000000e+00,  0.00000000e+00, -5.47721600e-09,
        8.42648616e-09, -1.99487950e-15, -5.13518796e-03,  9.44768484e-03,
       -1.14617921e-03,  3.07185104e-09, -4.72592468e-09,  1.06664880e-18,
        5.13518784e-03, -9.44768492e-03,  1.14904513e-03,  7.48502436e-03,
        9.36526338e-05]), 'achieved_goal': array([1.33470069, 0.86406624, 0.4247794 ]), 'desired_goal': array([1.2818489 , 0.79487789, 0.42469975])} -1.0 False {'is_success': 0.0}
[-0.68206084 -0.7792497   0.31265917 -0.7236341 ] {'observation': array([ 1.33861470e+00,  6.85616484e-01,  4.29084804e-01,  1.33470069e+00,
        8.64066238e-01,  4.24781571e-01, -3.91400131e-03,  1.78449754e-01,
       -4.30323317e-03,  0.00000000e+00,  0.00000000e+00, -3.15070137e-09,
        4.84723287e-09, -2.00889952e-15,  1.87235246e-02,  1.89844615e-02,
       -8.05454312e-03,  1.76619284e-09, -2.71721976e-09, -6.14504881e-19,
       -1.87235246e-02, -1.89844615e-02,  8.05618700e-03,  5.29583277e-03,
        3.75702925e-04]), 'achieved_goal': array([1.33470069, 0.86406624, 0.42478157]), 'desired_goal': array([1.2818489 , 0.79487789, 0.42469975])} -1.0 False {'is_success': 0.0}
[-0.6068353  -0.26254967  0.6419865  -0.80579746] {'observation': array([ 1.31814903e+00,  6.75645107e-01,  4.49270330e-01,  1.33470069e+00,
        8.64066238e-01,  4.24782815e-01,  1.65516607e-02,  1.88421131e-01,
       -2.44875152e-02,  0.00000000e+00,  0.00000000e+00, -1.81276252e-09,
        2.78886541e-09, -2.01480501e-15,  1.40416011e-02,  4.69374713e-03,
       -1.58145963e-02,  1.01590223e-09, -1.56292650e-09, -1.89719658e-18,
       -1.40416012e-02, -4.69374715e-03,  1.58155394e-02,  3.18143463e-03,
        6.93373635e-04]), 'achieved_goal': array([1.33470069, 0.86406624, 0.42478281]), 'desired_goal': array([1.2818489 , 0.79487789, 0.42469975])} -1.0 False {'is_success': 0.0}
[ 0.6758898  -0.8078032   0.95291895 -0.0626976 ] {'observation': array([ 1.33618678e+00,  6.50242439e-01,  4.80391859e-01,  1.33470069e+00,
        8.64066238e-01,  4.24783528e-01, -1.48608927e-03,  2.13823799e-01,
       -5.56083310e-02,  0.00000000e+00,  0.00000000e+00, -1.04309533e-09,
        1.60476205e-09, -2.01510646e-15, -1.83782582e-02,  2.06553521e-02,
       -2.35398293e-02,  5.84475486e-10, -8.99193054e-10,  2.43191335e-18,
        1.83782582e-02, -2.06553521e-02,  2.35403704e-02,  2.53270609e-03,
        3.14548523e-04]), 'achieved_goal': array([1.33470069, 0.86406624, 0.42478353]), 'desired_goal': array([1.2818489 , 0.79487789, 0.42469975])} -1.0 False {'is_success': 0.0}
[ 0.9535222   0.20969103  0.47852716 -0.9216244 ] {'observation': array([ 1.36632138e+00,  6.54755983e-01,  4.97715886e-01,  1.33470069e+00,
        8.64066238e-01,  4.24783938e-01, -3.16206891e-02,  2.09310255e-01,
       -7.29319477e-02,  0.00000000e+00,  0.00000000e+00, -6.00254488e-10,
        9.23468438e-10, -2.01754441e-15, -2.25035224e-02, -7.91678104e-03,
       -9.83319941e-03,  3.36308867e-10, -5.17398265e-10, -4.66018191e-18,
        2.25035224e-02,  7.91678103e-03,  9.83350992e-03,  9.47376494e-04,
        9.97876227e-04]), 'achieved_goal': array([1.33470069, 0.86406624, 0.42478394]), 'desired_goal': array([1.2818489 , 0.79487789, 0.42469975])} -1.0 False {'is_success': 0.0}
[-0.43438607 -0.7596069  -0.4077196  -0.7625446 ] {'observation': array([ 1.35567786e+00,  6.32307894e-01,  4.86298863e-01,  1.33470069e+00,
        8.64066238e-01,  4.24784173e-01, -2.09771688e-02,  2.31758344e-01,
       -6.15146900e-02,  0.00000000e+00,  0.00000000e+00, -3.45432402e-10,
        5.31434460e-10, -2.01934317e-15,  1.39387997e-02,  2.04292574e-02,
        1.17793023e-02,  1.93527805e-10, -2.97735091e-10, -2.88655439e-18,
       -1.39387997e-02, -2.04292574e-02, -1.17791241e-02,  1.36408811e-03,
        2.49628672e-04]), 'achieved_goal': array([1.33470069, 0.86406624, 0.42478417]), 'desired_goal': array([1.2818489 , 0.79487789, 0.42469975])} -1.0 False {'is_success': 0.0}
[-0.36403364 -0.17147401 -0.871705    0.38494423] {'observation': array([ 1.33968841e+00,  7.45786879e-01,  4.14854098e-01,  1.24195223e+00,
        7.60255729e-01,  4.24737381e-01, -9.77361801e-02,  1.44688509e-02,
        9.88328311e-03,  0.00000000e+00,  0.00000000e+00, -5.03884423e-08,
        7.75206804e-08, -6.48636097e-17,  2.61483347e-03,  1.29525108e-03,
       -8.94729941e-04,  2.85323085e-08, -4.38958592e-08,  3.91123054e-19,
       -2.61483457e-03, -1.29525180e-03,  9.21395500e-04,  1.33082242e-03,
        4.97110346e-04]), 'achieved_goal': array([1.24195223, 0.76025573, 0.42473738]), 'desired_goal': array([1.25648249, 0.7973262 , 0.42469975])} -0.0 False {'is_success': 1.0}
[ 0.13320291 -0.46922103  0.04649611 -0.812119  ] {'observation': array([ 1.34310834e+00,  7.35099752e-01,  4.20101170e-01,  1.24195223e+00,
        7.60255729e-01,  4.24757513e-01, -1.01156111e-01,  2.51559771e-02,
        4.65634337e-03,  0.00000000e+00,  0.00000000e+00, -2.88713263e-08,
        4.44174251e-08, -1.37609366e-15, -3.50778095e-03,  1.34159886e-02,
       -8.86578250e-06,  1.62724006e-08, -2.50344625e-08, -1.91838047e-18,
        3.50778032e-03, -1.34159890e-02,  2.41017640e-05,  5.69365293e-03,
        2.05291898e-04]), 'achieved_goal': array([1.24195223, 0.76025573, 0.42475751]), 'desired_goal': array([1.25648249, 0.7973262 , 0.42469975])} -0.0 False {'is_success': 1.0}
[ 0.15189299  0.8585924  -0.36286208  0.33482075] {'observation': array([ 1.34622986e+00,  7.51041485e-01,  4.19407855e-01,  1.24195223e+00,
        7.60255729e-01,  4.24769027e-01, -1.04277628e-01,  9.21424361e-03,
        5.36117266e-03,  0.00000000e+00,  0.00000000e+00, -1.65741696e-08,
        2.54987225e-08, -1.80666034e-15, -1.73087518e-03, -1.46370080e-02,
       -1.04007362e-03,  9.31711993e-09, -1.43340307e-08,  4.07271754e-19,
        1.73087482e-03,  1.46370078e-02,  1.04879545e-03,  8.29682085e-04,
        1.38822899e-02]), 'achieved_goal': array([1.24195223, 0.76025573, 0.42476903]), 'desired_goal': array([1.25648249, 0.7973262 , 0.42469975])} -0.0 False {'is_success': 1.0}
[-0.7364043   0.4326544  -0.42118782 -0.6336173 ] {'observation': array([ 1.33290220e+00,  7.61926614e-01,  4.19446117e-01,  1.24195223e+00,
        7.60255728e-01,  4.24775622e-01, -9.09499728e-02, -1.67088519e-03,
        5.32950574e-03,  0.00000000e+00,  0.00000000e+00, -9.52496622e-09,
        1.46537942e-08, -1.94834297e-15,  1.26792975e-02, -6.85980885e-03,
        9.07225155e-05,  5.34650725e-09, -8.22539576e-09,  1.15068389e-18,
       -1.26792977e-02,  6.85980872e-03, -8.57244120e-05,  1.18571187e-04,
        7.80906754e-03]), 'achieved_goal': array([1.24195223, 0.76025573, 0.42477562]), 'desired_goal': array([1.25648249, 0.7973262 , 0.42469975])} -0.0 False {'is_success': 1.0}
[ 0.17302588 -0.9597849   0.65788007 -0.99060905] {'observation': array([ 1.33620185e+00,  7.33326670e-01,  4.39559482e-01,  1.24195223e+00,
        7.60255728e-01,  4.24779403e-01, -9.42496141e-02,  2.69290587e-02,
       -1.47800790e-02,  0.00000000e+00,  0.00000000e+00, -5.47721600e-09,
        8.42648616e-09, -1.99565505e-15, -5.26185883e-03,  2.58812744e-02,
       -1.72400335e-02,  3.07185103e-09, -4.72592468e-09,  1.77198142e-18,
        5.26185871e-03, -2.58812745e-02,  1.72428994e-02,  1.43758235e-03,
        3.26314616e-03]), 'achieved_goal': array([1.24195223, 0.76025573, 0.4247794 ]), 'desired_goal': array([1.25648249, 0.7973262 , 0.42469975])} -0.0 False {'is_success': 1.0}
[ 0.35563308 -0.45998406  0.47038805  0.9243771 ] {'observation': array([ 1.34711344e+00,  7.16481966e-01,  4.55821472e-01,  1.24195223e+00,
        7.60255728e-01,  4.24781571e-01, -1.05161210e-01,  4.37737627e-02,
       -3.10399012e-02,  0.00000000e+00,  0.00000000e+00, -3.15070136e-09,
        4.84723287e-09, -2.01025038e-15, -8.52085154e-03,  9.10582177e-03,
       -1.03554298e-02,  1.76619284e-09, -2.71721976e-09, -9.65292362e-19,
        8.52085147e-03, -9.10582181e-03,  1.03570736e-02,  4.53974038e-04,
        2.75757794e-03]), 'achieved_goal': array([1.24195223, 0.76025573, 0.42478157]), 'desired_goal': array([1.25648249, 0.7973262 , 0.42469975])} -0.0 False {'is_success': 1.0}
[-0.50249374  0.15231466  0.18408386  0.14450382] {'observation': array([ 1.33290708e+00,  7.20213043e-01,  4.62421821e-01,  1.24195223e+00,
        7.60255728e-01,  4.24782815e-01, -9.09548458e-02,  4.00426855e-02,
       -3.76390067e-02,  0.00000000e+00,  0.00000000e+00, -1.81276252e-09,
        2.78886541e-09, -2.01605480e-15,  1.42166152e-02, -4.95885491e-03,
       -3.61284903e-03,  1.01590224e-09, -1.56292650e-09,  3.49723010e-20,
       -1.42166152e-02,  4.95885488e-03,  3.61379214e-03,  2.50075299e-05,
        2.26530081e-03]), 'achieved_goal': array([1.24195223, 0.76025573, 0.42478281]), 'desired_goal': array([1.25648249, 0.7973262 , 0.42469975])} -0.0 False {'is_success': 1.0}
[-0.55383676  0.905498   -0.10574924  0.69281733] {'observation': array([ 1.31437161e+00,  7.48282035e-01,  4.59564648e-01,  1.24195223e+00,
        7.60255728e-01,  4.24783528e-01, -7.24193816e-02,  1.19736935e-02,
       -3.47811200e-02,  0.00000000e+00,  0.00000000e+00, -1.04309533e-09,
        1.60476204e-09, -2.01805997e-15,  1.30609223e-02, -2.28318199e-02,
        3.19720636e-03,  5.84475495e-10, -8.99193059e-10, -1.14640676e-18,
       -1.30609223e-02,  2.28318199e-02, -3.19666523e-03,  4.10202427e-04,
        1.95455591e-03]), 'achieved_goal': array([1.24195223, 0.76025573, 0.42478353]), 'desired_goal': array([1.25648249, 0.7973262 , 0.42469975])} -0.0 False {'is_success': 1.0}
[ 0.39895856 -0.4051261   0.62759566 -0.20698851] {'observation': array([ 1.32470578e+00,  7.38198793e-01,  4.78401661e-01,  1.24195223e+00,
        7.60255728e-01,  4.24783938e-01, -8.27535464e-02,  2.20569357e-02,
       -5.36177234e-02,  0.00000000e+00,  0.00000000e+00, -6.00254482e-10,
        9.23468436e-10, -2.01936641e-15, -1.13736414e-02,  1.31569162e-02,
       -1.69716161e-02,  3.36308861e-10, -5.17398262e-10,  5.44248869e-19,
        1.13736414e-02, -1.31569162e-02,  1.69719266e-02,  1.25701378e-03,
        3.58597891e-04]), 'achieved_goal': array([1.24195223, 0.76025573, 0.42478394]), 'desired_goal': array([1.25648249, 0.7973262 , 0.42469975])} -0.0 False {'is_success': 1.0}
[0.7622064  0.16254574 0.7634707  0.38506317] {'observation': array([ 1.34834985e+00,  7.41871192e-01,  5.03781262e-01,  1.24195223e+00,
        7.60255728e-01,  4.24784173e-01, -1.06397621e-01,  1.83845361e-02,
       -7.89970892e-02,  0.00000000e+00,  0.00000000e+00, -3.45432403e-10,
        5.31434455e-10, -2.01956218e-15, -1.81360750e-02, -5.76891682e-03,
       -1.82315053e-02,  1.93527807e-10, -2.97735091e-10, -7.83027680e-19,
        1.81360750e-02,  5.76891682e-03,  1.82316835e-02,  3.41307484e-04,
        7.62483588e-04]), 'achieved_goal': array([1.24195223, 0.76025573, 0.42478417]), 'desired_goal': array([1.25648249, 0.7973262 , 0.42469975])} -0.0 False {'is_success': 1.0}
[0.45050856 0.00264876 0.91216725 0.2879804 ] {'observation': array([ 1.35519842e+00,  7.48997760e-01,  4.41619679e-01,  1.21771000e+00,
        7.05582345e-01,  4.24737381e-01, -1.37488421e-01, -4.34154144e-02,
       -1.68822976e-02,  0.00000000e+00,  0.00000000e+00, -5.03884423e-08,
        7.75206804e-08, -6.40101363e-17, -1.11627437e-02, -6.36789764e-05,
       -2.40647823e-02,  2.85323085e-08, -4.38958592e-08,  9.80656243e-19,
        1.11627426e-02,  6.36782637e-05,  2.40914479e-02,  3.99202451e-06,
        4.05147403e-05]), 'achieved_goal': array([1.21771   , 0.70558235, 0.42473738]), 'desired_goal': array([1.41738884, 0.6545768 , 0.42469975])} -1.0 False {'is_success': 0.0}
[-0.1522899   0.21278642 -0.9616136  -0.39685038] {'observation': array([ 1.35179534e+00,  7.55352470e-01,  4.16440372e-01,  1.21771000e+00,
        7.05582345e-01,  4.24757513e-01, -1.34085336e-01, -4.97701255e-02,
        8.31714158e-03,  0.00000000e+00,  0.00000000e+00, -2.88713263e-08,
        4.44174251e-08, -1.37508310e-15,  2.62072248e-03, -3.72863461e-03,
        1.31766327e-02,  1.62724006e-08, -2.50344625e-08, -7.19803792e-20,
       -2.62072311e-03,  3.72863420e-03, -1.31613967e-02, -2.93422557e-04,
        1.22128369e-03]), 'achieved_goal': array([1.21771   , 0.70558234, 0.42475751]), 'desired_goal': array([1.41738884, 0.6545768 , 0.42469975])} -1.0 False {'is_success': 0.0}
[ 0.32034707 -0.41984478  0.23603086 -0.1424626 ] {'observation': array([ 1.36052400e+00,  7.44034540e-01,  4.23888557e-01,  1.21771000e+00,
        7.05582344e-01,  4.24769027e-01, -1.42814004e-01, -3.84521959e-02,
        8.80470812e-04,  0.00000000e+00,  0.00000000e+00, -1.65741696e-08,
        2.54987225e-08, -1.80566776e-15, -8.77603159e-03,  1.22729761e-02,
       -6.48530659e-03,  9.31711993e-09, -1.43340307e-08, -1.73450403e-18,
        8.77603123e-03, -1.22729763e-02,  6.49402842e-03,  2.17300820e-03,
        1.16766997e-04]), 'achieved_goal': array([1.21771   , 0.70558234, 0.42476903]), 'desired_goal': array([1.41738884, 0.6545768 , 0.42469975])} -1.0 False {'is_success': 0.0}
[-0.7290519  -0.40343535  0.13992982  0.18174553] {'observation': array([ 1.33955026e+00,  7.30502175e-01,  4.28708982e-01,  1.21771000e+00,
        7.05582344e-01,  4.24775622e-01, -1.21840257e-01, -2.49198306e-02,
       -3.93336005e-03,  0.00000000e+00,  0.00000000e+00, -9.52496622e-09,
        1.46537942e-08, -1.94521835e-15,  2.02783157e-02,  9.00522913e-03,
       -2.98720494e-03,  5.34650724e-09, -8.22539576e-09,  6.50067304e-19,
       -2.02783159e-02, -9.00522926e-03,  2.99220305e-03,  1.34837509e-03,
        2.27842610e-04]), 'achieved_goal': array([1.21771   , 0.70558234, 0.42477562]), 'desired_goal': array([1.41738884, 0.6545768 , 0.42469975])} -1.0 False {'is_success': 0.0}
[ 0.1486505   0.30640164  0.30420655 -0.13716313] {'observation': array([ 1.34167013e+00,  7.38984172e-01,  4.38283265e-01,  1.21771000e+00,
        7.05582344e-01,  4.24779403e-01, -1.23960129e-01, -3.34018276e-02,
       -1.35038625e-02,  0.00000000e+00,  0.00000000e+00, -5.47721601e-09,
        8.42648616e-09, -1.99310404e-15, -5.99742954e-03, -8.99528117e-03,
       -7.58868288e-03,  3.07185103e-09, -4.72592467e-09, -1.78397133e-18,
        5.99742942e-03,  8.99528109e-03,  7.59154880e-03,  4.44451017e-04,
        6.32425637e-04]), 'achieved_goal': array([1.21771   , 0.70558234, 0.4247794 ]), 'desired_goal': array([1.41738884, 0.6545768 , 0.42469975])} -1.0 False {'is_success': 0.0}
[ 0.7930932  -0.26487625 -0.12827015  0.78384674] {'observation': array([ 1.36576606e+00,  7.31719280e-01,  4.35141818e-01,  1.21771000e+00,
        7.05582344e-01,  4.24781571e-01, -1.48056060e-01, -2.61369357e-02,
       -1.03602469e-02,  0.00000000e+00,  0.00000000e+00, -3.15070137e-09,
        4.84723287e-09, -2.00909787e-15, -1.98349688e-02,  7.97741226e-03,
        4.42052333e-03,  1.76619285e-09, -2.71721976e-09,  1.81217424e-18,
        1.98349687e-02, -7.97741231e-03, -4.41887944e-03,  7.54464396e-04,
       -1.87387578e-05]), 'achieved_goal': array([1.21771   , 0.70558234, 0.42478157]), 'desired_goal': array([1.41738884, 0.6545768 , 0.42469975])} -1.0 False {'is_success': 0.0}
[ 0.61238796  0.40777716 -0.79954624  0.83896524] {'observation': array([ 1.38360870e+00,  7.42035528e-01,  4.15136789e-01,  1.21771000e+00,
        7.05582344e-01,  4.24782815e-01, -1.65898697e-01, -3.64531844e-02,
        9.64602580e-03,  0.00000000e+00,  0.00000000e+00, -1.81276253e-09,
        2.78886541e-09, -2.01453835e-15, -5.66774026e-03, -5.84936233e-03,
        1.48538392e-03,  1.01590222e-09, -1.56292650e-09, -1.35905722e-18,
        5.66774023e-03,  5.84936230e-03, -1.48444080e-03,  1.67355925e-04,
        4.05244380e-03]), 'achieved_goal': array([1.21771   , 0.70558234, 0.42478281]), 'desired_goal': array([1.41738884, 0.6545768 , 0.42469975])} -1.0 False {'is_success': 0.0}
[ 0.4284826  0.997694  -0.7011034  0.7362521] {'observation': array([ 1.38888193e+00,  7.58966348e-01,  4.17110139e-01,  1.21771000e+00,
        7.05582344e-01,  4.24783528e-01, -1.71171929e-01, -5.33840041e-02,
        7.67338946e-03,  0.00000000e+00,  0.00000000e+00, -1.04309534e-09,
        1.60476205e-09, -2.01692008e-15, -4.47624367e-03, -1.64381415e-02,
       -1.23222934e-03,  5.84475497e-10, -8.99193056e-10,  2.30325240e-18,
        4.47624364e-03,  1.64381415e-02,  1.23277047e-03,  3.14484065e-04,
        1.62409325e-02]), 'achieved_goal': array([1.21771   , 0.70558234, 0.42478353]), 'desired_goal': array([1.41738884, 0.6545768 , 0.42469975])} -1.0 False {'is_success': 0.0}
[-0.67501414  0.23111913 -0.75236005  0.69601643] {'observation': array([ 1.38236878e+00,  7.64692816e-01,  4.17431625e-01,  1.21771000e+00,
        7.05582344e-01,  4.24783938e-01, -1.64658779e-01, -5.91104721e-02,
        7.35231321e-03,  0.00000000e+00,  0.00000000e+00, -6.00254485e-10,
        9.23468436e-10, -2.01733228e-15,  7.67283669e-03, -2.28457797e-03,
        1.40003904e-04,  3.36308879e-10, -5.17398266e-10, -2.43053347e-18,
       -7.67283670e-03,  2.28457796e-03, -1.39693394e-04,  1.36841956e-04,
        2.48541499e-03]), 'achieved_goal': array([1.21771   , 0.70558234, 0.42478394]), 'desired_goal': array([1.41738884, 0.6545768 , 0.42469975])} -1.0 False {'is_success': 0.0}
[ 0.6146379   0.13820148 -0.1856334  -0.861666  ] {'observation': array([ 1.39232397e+00,  7.68749255e-01,  4.19346592e-01,  1.21771000e+00,
        7.05582344e-01,  4.24784173e-01, -1.74613971e-01, -6.31669115e-02,
        5.43758066e-03,  0.00000000e+00,  0.00000000e+00, -3.45432399e-10,
        5.31434459e-10, -2.01655745e-15, -1.09778124e-02, -3.03792974e-03,
       -1.06514963e-03,  1.93527813e-10, -2.97735091e-10, -1.22609532e-18,
        1.09778124e-02,  3.03792973e-03,  1.06532781e-03,  2.64123615e-05,
        2.27122444e-03]), 'achieved_goal': array([1.21771   , 0.70558234, 0.42478417]), 'desired_goal': array([1.41738884, 0.6545768 , 0.42469975])} -1.0 False {'is_success': 0.0}
[ 0.39485756 -0.09291463  0.4441112   0.73276466] {'observation': array([ 1.35353501e+00,  7.46049560e-01,  4.27360274e-01,  1.23697663e+00,
        6.93361951e-01,  4.24737381e-01, -1.16558382e-01, -5.26876087e-02,
       -2.62289277e-03,  0.00000000e+00,  0.00000000e+00, -5.03884423e-08,
        7.75206804e-08, -6.66081260e-17, -1.01880444e-02,  2.43499706e-03,
       -1.15111148e-02,  2.85323085e-08, -4.38958592e-08, -1.43604444e-18,
        1.01880433e-02, -2.43499777e-03,  1.15377804e-02,  6.01288209e-05,
       -1.87169517e-05]), 'achieved_goal': array([1.23697663, 0.69336195, 0.42473738]), 'desired_goal': array([1.39986957, 0.88828889, 0.42469975])} -1.0 False {'is_success': 0.0}
[ 0.951043    0.7116067  -0.97657186 -0.28004387] {'observation': array([ 1.37358597e+00,  7.62130173e-01,  4.14775800e-01,  1.23697663e+00,
        6.93361950e-01,  4.24757513e-01, -1.36609340e-01, -6.87682227e-02,
        9.98171302e-03,  0.00000000e+00,  0.00000000e+00, -2.88713263e-08,
        4.44174251e-08, -1.37793207e-15, -8.17684502e-03, -9.40628088e-03,
       -2.04928855e-03,  1.62724006e-08, -2.50344625e-08, -1.03594246e-18,
        8.17684440e-03,  9.40628047e-03,  2.06452454e-03, -7.86401426e-05,
        8.58114768e-03]), 'achieved_goal': array([1.23697663, 0.69336195, 0.42475751]), 'desired_goal': array([1.39986957, 0.88828889, 0.42469975])} -1.0 False {'is_success': 0.0}
[ 0.4599811  -0.65674067  0.04207321 -0.89132404] {'observation': array([ 1.38617845e+00,  7.45445562e-01,  4.20740572e-01,  1.23697662e+00,
        6.93361950e-01,  4.24769027e-01, -1.49201827e-01, -5.20836122e-02,
        4.02845526e-03,  0.00000000e+00,  0.00000000e+00, -1.65741696e-08,
        2.54987225e-08, -1.80790420e-15, -1.24610915e-02,  1.99196175e-02,
        2.26136936e-03,  9.31711993e-09, -1.43340307e-08, -3.27942632e-19,
        1.24610911e-02, -1.99196178e-02, -2.25264753e-03,  6.46621204e-03,
        8.06084209e-04]), 'achieved_goal': array([1.23697662, 0.69336195, 0.42476903]), 'desired_goal': array([1.39986957, 0.88828889, 0.42469975])} -1.0 False {'is_success': 0.0}
[-0.60000694 -0.9629564   0.5873954  -0.5521506 ] {'observation': array([ 1.36958186e+00,  7.14070126e-01,  4.38149188e-01,  1.23697662e+00,
        6.93361950e-01,  4.24775622e-01, -1.32605232e-01, -2.07081758e-02,
       -1.33735657e-02,  0.00000000e+00,  0.00000000e+00, -9.52496621e-09,
        1.46537942e-08, -1.95068827e-15,  1.76785404e-02,  2.25567605e-02,
       -1.55648934e-02,  5.34650725e-09, -8.22539576e-09,  6.11091621e-19,
       -1.76785406e-02, -2.25567606e-02,  1.55698915e-02,  4.38809003e-03,
        5.80362030e-04]), 'achieved_goal': array([1.23697662, 0.69336195, 0.42477562]), 'desired_goal': array([1.39986957, 0.88828889, 0.42469975])} -1.0 False {'is_success': 0.0}
[-0.30929664  0.8561626   0.4088288  -0.93632215] {'observation': array([ 1.35815490e+00,  7.37923644e-01,  4.52166054e-01,  1.23697662e+00,
        6.93361950e-01,  4.24779403e-01, -1.21178273e-01, -4.45616946e-02,
       -2.73866512e-02,  0.00000000e+00,  0.00000000e+00, -5.47721601e-09,
        8.42648616e-09, -1.99664205e-15,  6.37164955e-03, -2.46646297e-02,
       -8.88528625e-03,  3.07185103e-09, -4.72592467e-09,  5.80406081e-19,
       -6.37164967e-03,  2.46646296e-02,  8.88815217e-03,  1.75314323e-03,
        1.64132175e-03]), 'achieved_goal': array([1.23697662, 0.69336195, 0.4247794 ]), 'desired_goal': array([1.39986957, 0.88828889, 0.42469975])} -1.0 False {'is_success': 0.0}
[-0.6706117   0.2429568   0.15445718 -0.5242144 ] {'observation': array([ 1.33724656e+00,  7.47860343e-01,  4.57717281e-01,  1.23697662e+00,
        6.93361950e-01,  4.24781571e-01, -1.00269938e-01, -5.44983931e-02,
       -3.29357101e-02,  0.00000000e+00,  0.00000000e+00, -3.15070137e-09,
        4.84723287e-09, -2.01210652e-15,  1.69204565e-02, -3.57981382e-03,
       -3.01830585e-03,  1.76619285e-09, -2.71721975e-09, -1.73967590e-18,
       -1.69204566e-02,  3.57981378e-03,  3.01994974e-03,  1.82270621e-03,
        4.96401921e-04]), 'achieved_goal': array([1.23697662, 0.69336195, 0.42478157]), 'desired_goal': array([1.39986957, 0.88828889, 0.42469975])} -1.0 False {'is_success': 0.0}
[0.868428   0.22793192 0.07126561 0.17981996] {'observation': array([ 1.36107509e+00,  7.55312335e-01,  4.60229508e-01,  1.23697662e+00,
        6.93361950e-01,  4.24782815e-01, -1.24098463e-01, -6.19503852e-02,
       -3.54466931e-02,  0.00000000e+00,  0.00000000e+00, -1.81276252e-09,
        2.78886541e-09, -2.01648680e-15, -2.41696383e-02, -5.61479369e-03,
       -1.43219987e-03,  1.01590224e-09, -1.56292650e-09,  2.24073264e-18,
        2.41696383e-02,  5.61479366e-03,  1.43314299e-03,  1.21467620e-03,
        3.69744474e-04]), 'achieved_goal': array([1.23697662, 0.69336195, 0.42478281]), 'desired_goal': array([1.39986957, 0.88828889, 0.42469975])} -1.0 False {'is_success': 0.0}
[ 0.46024406 -0.37611002 -0.20355788 -0.5803125 ] {'observation': array([ 1.37741371e+00,  7.44281213e-01,  4.54019147e-01,  1.23697662e+00,
        6.93361950e-01,  4.24783528e-01, -1.40437090e-01, -5.09192628e-02,
       -2.92356184e-02,  0.00000000e+00,  0.00000000e+00, -1.04309533e-09,
        1.60476205e-09, -2.01617332e-15, -9.34736253e-03,  1.04463166e-02,
        5.63516699e-03,  5.84475494e-10, -8.99193055e-10, -5.35960188e-20,
        9.34736251e-03, -1.04463166e-02, -5.63462586e-03,  1.24158420e-03,
        1.45929472e-04]), 'achieved_goal': array([1.23697662, 0.69336195, 0.42478353]), 'desired_goal': array([1.39986957, 0.88828889, 0.42469975])} -1.0 False {'is_success': 0.0}
[-0.62761396  0.8887448   0.4791016  -0.01908238] {'observation': array([ 1.35954199e+00,  7.70263065e-01,  4.67811378e-01,  1.23697662e+00,
        6.93361950e-01,  4.24783938e-01, -1.22565361e-01, -7.69011152e-02,
       -4.30274398e-02,  0.00000000e+00,  0.00000000e+00, -6.00254484e-10,
        9.23468438e-10, -2.01518223e-15,  1.80649685e-02, -2.39865868e-02,
       -1.30746090e-02,  3.36308878e-10, -5.17398261e-10,  1.86651415e-18,
       -1.80649686e-02,  2.39865868e-02,  1.30749195e-02,  2.62478979e-04,
        9.77242429e-04]), 'achieved_goal': array([1.23697662, 0.69336195, 0.42478394]), 'desired_goal': array([1.39986957, 0.88828889, 0.42469975])} -1.0 False {'is_success': 0.0}
[-0.5451707  -0.49128702 -0.88394165 -0.13116676] {'observation': array([ 1.34075632e+00,  7.57748700e-01,  4.42454989e-01,  1.23697662e+00,
        6.93361950e-01,  4.24784173e-01, -1.03779698e-01, -6.43867499e-02,
       -1.76708161e-02,  0.00000000e+00,  0.00000000e+00, -3.45432395e-10,
        5.31434460e-10, -2.01316710e-15,  1.22736542e-02,  1.52842181e-02,
        2.45467605e-02,  1.93527810e-10, -2.97735089e-10,  2.47560848e-18,
       -1.22736542e-02, -1.52842181e-02, -2.45465823e-02,  1.24027035e-03,
        1.85679486e-04]), 'achieved_goal': array([1.23697662, 0.69336195, 0.42478417]), 'desired_goal': array([1.39986957, 0.88828889, 0.42469975])} -1.0 False {'is_success': 0.0}
