Creating window glfw
action observation reward done info
<class 'numpy.ndarray'> <class 'dict'> <class 'numpy.float32'> <class 'bool'> <class 'dict'>
[0.09762701 0.43037874 0.20552675 0.08976637] {'achieved_goal': array([1.48918774, 0.81876483, 0.42473605]), 'desired_goal': array([1.41478985, 0.68729994, 0.42469975]), 'observation': array([ 1.34467597e+00,  7.61759955e-01,  5.40634635e-01,  1.48918774e+00,
        8.18764827e-01,  4.24736048e-01,  1.44511766e-01,  5.70048717e-02,
       -1.15898587e-01,  1.78789477e-02,  1.86627209e-02, -5.18150577e-08,
        7.97154734e-08,  1.60385845e-16, -2.45109928e-03, -1.12053901e-02,
       -5.31082131e-03,  2.85323085e-08, -4.38958592e-08,  3.95889916e-18,
        2.45109818e-03,  1.12053893e-02,  5.33748687e-03,  3.14076057e-02,
        3.17844531e-02])} -1.0 False {'is_success': 0.0}
[-0.1526904   0.29178822 -0.12482557  0.78354603] {'achieved_goal': array([1.48918773, 0.81876483, 0.42475675]), 'desired_goal': array([1.41478985, 0.68729994, 0.42469975]), 'observation': array([ 1.34069728e+00,  7.72108402e-01,  5.37810995e-01,  1.48918773e+00,
        8.18764826e-01,  4.24756751e-01,  1.48490457e-01,  4.66564240e-02,
       -1.13054244e-01,  5.49090817e-02,  5.53880898e-02, -2.96849463e-08,
        4.56691482e-08, -1.20840318e-15,  4.20146853e-03, -6.33793504e-03,
        3.97470659e-03,  1.62724007e-08, -2.50344625e-08,  2.38636493e-17,
       -4.20146916e-03,  6.33793463e-03, -3.95947061e-03, -8.34618435e-03,
       -9.60292055e-03])} -1.0 False {'is_success': 0.0}
[ 0.92732555 -0.23311697  0.5834501   0.05778984] {'achieved_goal': array([1.48918773, 0.81876483, 0.42476859]), 'desired_goal': array([1.41478985, 0.68729994, 0.42469975]), 'observation': array([ 1.36602624e+00,  7.66137612e-01,  5.54180083e-01,  1.48918773e+00,
        8.18764826e-01,  4.24768591e-01,  1.23161497e-01,  5.26272141e-02,
       -1.29411492e-01,  5.03930269e-02,  5.04244462e-02, -1.70400256e-08,
        2.62154240e-08, -1.65606992e-15, -2.40259250e-02,  6.86271488e-03,
       -1.58232993e-02,  9.31711992e-09, -1.43340306e-08,  8.25587822e-19,
        2.40259246e-02, -6.86271512e-03,  1.58320211e-02, -1.10626253e-03,
       -1.19929511e-03])} -1.0 False {'is_success': 0.0}
[ 0.13608912  0.85119325 -0.85792786 -0.8257414 ] {'achieved_goal': array([1.48918773, 0.81876483, 0.42477537]), 'desired_goal': array([1.41478985, 0.68729994, 0.42469975]), 'observation': array([ 1.37365622e+00,  7.90117019e-01,  5.31564190e-01,  1.48918773e+00,
        8.18764826e-01,  4.24775372e-01,  1.15531517e-01,  2.86478072e-02,
       -1.06788818e-01,  3.83251832e-02,  4.02155707e-02, -9.79229156e-09,
        1.50650639e-08, -1.80455260e-15, -9.51913989e-04, -2.28983386e-02,
        2.44192246e-02,  5.34650723e-09, -8.22539575e-09,  3.23153520e-18,
        9.51913783e-04,  2.28983385e-02, -2.44142265e-02, -1.88671822e-02,
       -1.78190545e-02])} -1.0 False {'is_success': 0.0}
[-0.9595632   0.6652397   0.5563135   0.74002427] {'achieved_goal': array([1.48918773, 0.81876483, 0.42477926]), 'desired_goal': array([1.41478985, 0.68729994, 0.42469975]), 'observation': array([ 1.34611675e+00,  8.13075215e-01,  5.43579355e-01,  1.48918773e+00,
        8.18764826e-01,  4.24779260e-01,  1.43070980e-01,  5.68961088e-03,
       -1.18800095e-01,  5.23762767e-02,  5.25973016e-02, -5.63080855e-09,
        8.66278238e-09, -1.85149918e-15,  2.57894397e-02, -1.45562122e-02,
       -1.70361786e-02,  3.07185102e-09, -4.72592467e-09, -1.81980909e-19,
       -2.57894398e-02,  1.45562122e-02,  1.70390445e-02,  6.86278802e-03,
        1.60197080e-03])} -1.0 False {'is_success': 0.0}
[ 0.9572367   0.59831715 -0.07704128  0.56105834] {'achieved_goal': array([1.48918773, 0.81876483, 0.42478149]), 'desired_goal': array([1.41478985, 0.68729994, 0.42469975]), 'observation': array([ 1.36850222e+00,  8.32972397e-01,  5.43763543e-01,  1.48918773e+00,
        8.18764826e-01,  4.24781489e-01,  1.20685517e-01, -1.42075710e-02,
       -1.18982055e-01,  5.03440773e-02,  5.03062689e-02, -3.23901100e-09,
        4.98309384e-09, -1.86749793e-15, -2.75136714e-02, -1.40517211e-02,
        4.21407016e-03,  1.76619284e-09, -2.71721975e-09, -6.57399315e-19,
        2.75136713e-02,  1.40517211e-02, -4.21242627e-03, -8.78318996e-04,
       -7.69267878e-04])} -1.0 False {'is_success': 0.0}
[-0.76345116  0.27984205 -0.71329343  0.88933784] {'achieved_goal': array([1.48918773, 0.81876483, 0.42478277]), 'desired_goal': array([1.41478985, 0.68729994, 0.42469975]), 'observation': array([ 1.35121836e+00,  8.43446356e-01,  5.22437145e-01,  1.48918773e+00,
        8.18764826e-01,  4.24782768e-01,  1.37969370e-01, -2.46815306e-02,
       -9.76543770e-02,  5.00633352e-02,  5.00612521e-02, -1.86355762e-09,
        2.86701173e-09, -1.87416678e-15,  2.32083861e-02, -5.55724239e-03,
        1.81237799e-02,  1.01590223e-09, -1.56292650e-09,  1.56427553e-18,
       -2.32083862e-02,  5.55724237e-03, -1.81228368e-02, -5.54333506e-05,
       -4.98226801e-05])} -1.0 False {'is_success': 0.0}
[ 0.04369664 -0.17067613 -0.47088876  0.5484674 ] {'achieved_goal': array([1.48918773, 0.81876483, 0.4247835 ]), 'desired_goal': array([1.41478985, 0.68729994, 0.42469975]), 'observation': array([ 1.34847953e+00,  8.39249633e-01,  5.05664979e-01,  1.48918773e+00,
        8.18764826e-01,  4.24783501e-01,  1.40708205e-01, -2.04848075e-02,
       -8.08814774e-02,  5.00458650e-02,  5.00454728e-02, -1.07231910e-09,
        1.64972170e-09, -1.87419419e-15, -3.81202619e-03,  5.03231574e-03,
        1.04399715e-02,  5.84475483e-10, -8.99193062e-10, -3.48887878e-18,
        3.81202616e-03, -5.03231576e-03, -1.04394304e-02, -3.99087757e-06,
       -2.62963777e-06])} -1.0 False {'is_success': 0.0}
[-0.08769934  0.1368679  -0.9624204   0.23527099] {'achieved_goal': array([1.48918773, 0.81876483, 0.42478392]), 'desired_goal': array([1.41478985, 0.68729994, 0.42469975]), 'observation': array([ 1.34635938e+00,  8.42436939e-01,  4.75792324e-01,  1.48918773e+00,
        8.18764826e-01,  4.24783922e-01,  1.42828354e-01, -2.36721135e-02,
       -5.10084014e-02,  5.00445153e-02,  5.00447313e-02, -6.17069929e-10,
        9.49338346e-10, -1.87468255e-15,  2.60460903e-03, -4.12105593e-03,
        2.41448167e-02,  3.36308869e-10, -5.17398261e-10, -6.09928355e-19,
       -2.60460904e-03,  4.12105593e-03, -2.41445062e-02, -3.71324904e-07,
       -4.50580843e-08])} -1.0 False {'is_success': 0.0}
[0.22419144 0.23386799 0.8874962  0.3636406 ] {'achieved_goal': array([1.48918773, 0.81876483, 0.42478416]), 'desired_goal': array([1.41478985, 0.68729994, 0.42469975]), 'observation': array([ 1.35218374e+00,  8.49935622e-01,  4.97779085e-01,  1.48918773e+00,
        8.18764826e-01,  4.24784164e-01,  1.37003989e-01, -3.11707959e-02,
       -7.29949208e-02,  5.00445919e-02,  5.00445232e-02, -3.55108788e-10,
        5.46321206e-10, -1.87668510e-15, -5.51090406e-03, -5.54241472e-03,
       -2.61126433e-02,  1.93527816e-10, -2.97735093e-10, -1.71462718e-18,
        5.51090406e-03,  5.54241471e-03,  2.61128215e-02,  5.22845925e-07,
       -5.49033968e-07])} -1.0 False {'is_success': 0.0}
[-0.2809842  -0.12593609  0.3952624  -0.8795491 ] {'achieved_goal': array([1.31840532, 0.88293867, 0.42473605]), 'desired_goal': array([1.47922599, 0.78395976, 0.42469975]), 'observation': array([ 1.33385766e+00,  7.45416757e-01,  5.46146736e-01,  1.31840532e+00,
        8.82938674e-01,  4.24736048e-01, -1.54523385e-02,  1.37521916e-01,
       -1.21410688e-01,  1.16979132e-04,  1.21598264e-05, -5.18150577e-08,
        7.97154734e-08,  1.62371769e-16,  7.50880019e-03,  3.26649887e-03,
       -1.02566360e-02,  2.85323085e-08, -4.38958592e-08,  2.70273742e-18,
       -7.50880128e-03, -3.26649959e-03,  1.02833016e-02,  5.43549943e-05,
        4.89998026e-05])} -1.0 False {'is_success': 0.0}
[ 0.33353344  0.34127575 -0.5792349  -0.7421474 ] {'achieved_goal': array([1.31840532, 0.88293867, 0.42475675]), 'desired_goal': array([1.47922599, 0.78395976, 0.42469975]), 'observation': array([ 1.34199410e+00,  7.54961713e-01,  5.30724218e-01,  1.31840532e+00,
        8.82938673e-01,  4.24756751e-01, -2.35887814e-02,  1.27976960e-01,
       -1.05967467e-01,  5.06297052e-07,  4.49806870e-04, -2.96849463e-08,
        4.56691482e-08, -1.22690476e-15, -9.66573008e-03, -9.27624662e-03,
        1.65979145e-02,  1.62724006e-08, -2.50344625e-08,  2.61228699e-18,
        9.66572945e-03,  9.27624622e-03, -1.65826785e-02,  1.39551886e-04,
        2.58411986e-04])} -1.0 False {'is_success': 0.0}
[-0.3691433  -0.27257845  0.14039354 -0.12279698] {'achieved_goal': array([1.31840532, 0.88293867, 0.42476859]), 'desired_goal': array([1.47922599, 0.78395976, 0.42469975]), 'observation': array([ 1.33309116e+00,  7.48481866e-01,  5.32016748e-01,  1.31840532e+00,
        8.82938673e-01,  4.24768591e-01, -1.46858446e-02,  1.34456807e-01,
       -1.07248156e-01,  6.10117302e-04,  5.20436845e-05, -1.70400256e-08,
        2.62154240e-08, -1.67885732e-15,  1.08966488e-02,  8.07812293e-03,
       -5.47211332e-03,  9.31711993e-09, -1.43340307e-08,  3.37566413e-18,
       -1.08966491e-02, -8.07812317e-03,  5.48083515e-03,  4.37909170e-04,
       -3.89164467e-04])} -1.0 False {'is_success': 0.0}
[ 0.9767477  -0.79591036 -0.5822465  -0.677381  ] {'achieved_goal': array([1.31840532, 0.88293867, 0.42477537]), 'desired_goal': array([1.47922599, 0.78395976, 0.42469975]), 'observation': array([ 1.35867982e+00,  7.23514767e-01,  5.15436401e-01,  1.31840532e+00,
        8.82938673e-01,  4.24775372e-01, -4.02745017e-02,  1.59423905e-01,
       -9.06610281e-02,  1.33098161e-03,  8.57702958e-05, -9.79229158e-09,
        1.50650640e-08, -1.83024048e-15, -2.64694065e-02,  2.00023004e-02,
        1.63210834e-02,  5.34650724e-09, -8.22539575e-09, -1.31556504e-18,
        2.64694063e-02, -2.00023005e-02, -1.63160853e-02,  1.49091797e-04,
        4.27863274e-04])} -1.0 False {'is_success': 0.0}
[ 0.30621666 -0.4934168  -0.06737845 -0.5111488 ] {'achieved_goal': array([1.31840532, 0.88293867, 0.42477926]), 'desired_goal': array([1.47922599, 0.78395976, 0.42469975]), 'observation': array([ 1.37179235e+00,  7.05708254e-01,  5.10629655e-01,  1.31840532e+00,
        8.82938672e-01,  4.24779260e-01, -5.33870263e-02,  1.77230419e-01,
       -8.58503955e-02,  1.07532491e-03,  4.93086202e-04, -5.63080856e-09,
        8.66278239e-09, -1.87912144e-15, -5.05075793e-03,  1.05963203e-02,
       -5.22428699e-05,  3.07185103e-09, -4.72592467e-09,  1.70709384e-18,
        5.05075781e-03, -1.05963204e-02,  5.51087894e-05, -7.10162474e-04,
        5.11952813e-04])} -1.0 False {'is_success': 0.0}
[-0.68206084 -0.7792497   0.31265917 -0.7236341 ] {'achieved_goal': array([1.31840532, 0.88293867, 0.42478149]), 'desired_goal': array([1.47922599, 0.78395976, 0.42469975]), 'observation': array([ 1.35294506e+00,  6.81292097e-01,  5.19640542e-01,  1.31840532e+00,
        8.82938672e-01,  4.24781489e-01, -3.45397375e-02,  2.01646575e-01,
       -9.48590530e-02,  7.29559418e-04,  3.68488939e-04, -3.23901102e-09,
        4.98309386e-09, -1.89597596e-15,  1.86983456e-02,  1.89105006e-02,
       -8.06202377e-03,  1.76619283e-09, -2.71721976e-09,  1.30755628e-18,
       -1.86983456e-02, -1.89105007e-02,  8.06366765e-03, -6.94557985e-04,
        3.92911567e-05])} -1.0 False {'is_success': 0.0}
[-0.6068353  -0.26254967  0.6419865  -0.80579746] {'achieved_goal': array([1.31840532, 0.88293867, 0.42478277]), 'desired_goal': array([1.47922599, 0.78395976, 0.42469975]), 'observation': array([ 1.33215521e+00,  6.70665711e-01,  5.39448642e-01,  1.31840532e+00,
        8.82938672e-01,  4.24782768e-01, -1.37498908e-02,  2.12272962e-01,
       -1.14665875e-01, -8.40069553e-05,  6.07670198e-04, -1.86355764e-09,
        2.86701174e-09, -1.90111367e-15,  1.40157553e-02,  4.70629329e-03,
       -1.58066244e-02,  1.01590223e-09, -1.56292650e-09,  1.51046347e-18,
       -1.40157554e-02, -4.70629332e-03,  1.58075675e-02, -2.32557829e-05,
        2.78807801e-04])} -1.0 False {'is_success': 0.0}
[ 0.6758898  -0.8078032   0.95291895 -0.0626976 ] {'achieved_goal': array([1.31840532, 0.88293867, 0.4247835 ]), 'desired_goal': array([1.47922599, 0.78395976, 0.42469975]), 'observation': array([ 1.34824869e+00,  6.46170236e-01,  5.69965974e-01,  1.31840532e+00,
        8.82938672e-01,  4.24783501e-01, -2.98433714e-02,  2.36768437e-01,
       -1.45182473e-01,  5.23040920e-04,  8.89362510e-05, -1.07231911e-09,
        1.64972170e-09, -1.90410380e-15, -1.84342582e-02,  2.05504763e-02,
       -2.33604443e-02,  5.84475492e-10, -8.99193059e-10, -2.15391183e-18,
        1.84342581e-02, -2.05504763e-02,  2.33609854e-02,  2.48429040e-04,
       -2.99664066e-04])} -1.0 False {'is_success': 0.0}
[ 0.9535222   0.20969103  0.47852716 -0.9216244 ] {'achieved_goal': array([1.31840532, 0.88293867, 0.42478392]), 'desired_goal': array([1.47922599, 0.78395976, 0.42469975]), 'observation': array([ 1.37790821e+00,  6.49323955e-01,  5.87662812e-01,  1.31840532e+00,
        8.82938672e-01,  4.24783922e-01, -5.95028956e-02,  2.33614717e-01,
       -1.62878890e-01, -5.77592710e-05,  6.08474403e-04, -6.17069939e-10,
        9.49338353e-10, -1.90565907e-15, -2.25431554e-02, -7.87050783e-03,
       -9.78386519e-03,  3.36308866e-10, -5.17398259e-10,  8.99888613e-19,
        2.25431554e-02,  7.87050782e-03,  9.78417570e-03, -3.20046263e-05,
        4.52431611e-04])} -1.0 False {'is_success': 0.0}
[-0.43438607 -0.7596069  -0.4077196  -0.7625446 ] {'achieved_goal': array([1.31840532, 0.88293867, 0.42478416]), 'desired_goal': array([1.47922599, 0.78395976, 0.42469975]), 'observation': array([ 1.36924840e+00,  6.28261125e-01,  5.77445777e-01,  1.31840532e+00,
        8.82938672e-01,  4.24784164e-01, -5.08430831e-02,  2.54677547e-01,
       -1.52661614e-01,  8.40216191e-04, -5.39807703e-05, -3.55108795e-10,
        5.46321212e-10, -1.90537283e-15,  1.39252683e-02,  2.04962212e-02,
        1.18879579e-02,  1.93527807e-10, -2.97735097e-10,  3.60123225e-18,
       -1.39252683e-02, -2.04962212e-02, -1.18877797e-02,  5.38910818e-04,
       -1.83325544e-04])} -1.0 False {'is_success': 0.0}
[-0.36403364 -0.17147401 -0.871705    0.38494423] {'achieved_goal': array([1.43268553, 0.81142354, 0.42473605]), 'desired_goal': array([1.41173439, 0.87666671, 0.42469975]), 'observation': array([ 1.33129266e+00,  7.44089851e-01,  5.09393928e-01,  1.43268553e+00,
        8.11423535e-01,  4.24736048e-01,  1.01392872e-01,  6.73336842e-02,
       -8.46578796e-02,  4.08623847e-02,  4.05484736e-02, -5.18150577e-08,
        7.97154734e-08,  1.55294127e-16,  9.44332097e-03,  4.43899983e-03,
        2.28923648e-02,  2.85323085e-08, -4.38958592e-08,  1.65688954e-19,
       -9.44332206e-03, -4.43900054e-03, -2.28656992e-02,  7.04697175e-02,
        7.03212398e-02])} -1.0 False {'is_success': 0.0}
[ 0.13320291 -0.46922103  0.04649611 -0.812119  ] {'achieved_goal': array([1.43268553, 0.81142353, 0.42475675]), 'desired_goal': array([1.41173439, 0.87666671, 0.42469975]), 'observation': array([ 1.33350948e+00,  7.29579818e-01,  5.06911430e-01,  1.43268553e+00,
        8.11423535e-01,  4.24756751e-01,  9.91760531e-02,  8.18437167e-02,
       -8.21546783e-02,  4.80243626e-02,  4.81539514e-02, -2.96849463e-08,
        4.56691482e-08, -1.23311719e-15, -4.39185014e-03,  1.17438482e-02,
       -3.74863109e-03,  1.62724006e-08, -2.50344625e-08,  9.70714539e-19,
        4.39184952e-03, -1.17438486e-02,  3.76386707e-03, -1.57970972e-02,
       -1.48741582e-02])} -1.0 False {'is_success': 0.0}
[ 0.15189299  0.8585924  -0.36286208  0.33482075] {'achieved_goal': array([1.43268553, 0.81142353, 0.42476859]), 'desired_goal': array([1.41173439, 0.87666671, 0.42469975]), 'observation': array([ 1.33840698e+00,  7.52975189e-01,  4.96823004e-01,  1.43268553e+00,
        8.11423535e-01,  4.24768591e-01,  9.42785548e-02,  5.84483455e-02,
       -7.20544125e-02,  5.10685265e-02,  5.12291933e-02, -1.70400256e-08,
        2.62154240e-08, -1.68858052e-15, -3.44511608e-03, -2.36683999e-02,
        1.00902941e-02,  9.31711992e-09, -1.43340307e-08, -2.47492493e-18,
        3.44511572e-03,  2.36683997e-02, -1.00815723e-02, -2.17040812e-03,
       -2.84109784e-03])} -1.0 False {'is_success': 0.0}
[-0.7364043   0.4326544  -0.42118782 -0.6336173 ] {'achieved_goal': array([1.43268553, 0.81142353, 0.42477537]), 'desired_goal': array([1.41173439, 0.87666671, 0.42469975]), 'observation': array([ 1.31766228e+00,  7.69308950e-01,  4.82971807e-01,  1.43268553e+00,
        8.11423534e-01,  4.24775372e-01,  1.15023256e-01,  4.21145846e-02,
       -5.81964342e-02,  3.92812287e-02,  3.83748942e-02, -9.79229157e-09,
        1.50650640e-08, -1.83886497e-15,  1.96752592e-02, -8.55509193e-03,
        9.85816338e-03,  5.34650725e-09, -8.22539576e-09,  1.75138353e-18,
       -1.96752594e-02,  8.55509180e-03, -9.85316527e-03, -1.86638359e-02,
       -1.99525783e-02])} -1.0 False {'is_success': 0.0}
[ 0.17302588 -0.9597849   0.65788007 -0.99060905] {'achieved_goal': array([1.43268553, 0.81142353, 0.42477926]), 'desired_goal': array([1.41173439, 0.87666671, 0.42469975]), 'observation': array([ 1.31906244e+00,  7.42431802e-01,  5.00501826e-01,  1.43268553e+00,
        8.11423534e-01,  4.24779260e-01,  1.13623091e-01,  6.89917325e-02,
       -7.57225668e-02,  1.81666025e-02,  1.42352214e-02, -5.63080855e-09,
        8.66278239e-09, -1.88918903e-15, -6.13417727e-03,  2.60125105e-02,
       -1.84538171e-02,  3.07185104e-09, -4.72592467e-09,  8.96843601e-19,
        6.13417715e-03, -2.60125106e-02,  1.84566830e-02, -2.28950157e-02,
       -2.45482529e-02])} -1.0 False {'is_success': 0.0}
[ 0.35563308 -0.45998406  0.47038805  0.9243771 ] {'achieved_goal': array([1.43268553, 0.81142353, 0.42478149]), 'desired_goal': array([1.41173439, 0.87666671, 0.42469975]), 'observation': array([ 1.33001634e+00,  7.24661014e-01,  5.17281734e-01,  1.43268553e+00,
        8.11423534e-01,  4.24781489e-01,  1.02669195e-01,  8.67625198e-02,
       -9.25002454e-02,  3.74180329e-02,  3.36164930e-02, -3.23901101e-09,
        4.98309386e-09, -1.90607642e-15, -8.51672714e-03,  9.09075240e-03,
       -1.01975809e-02,  1.76619284e-09, -2.71721975e-09, -1.76411131e-18,
        8.51672707e-03, -9.09075245e-03,  1.01992248e-02,  5.15857630e-02,
        5.30942657e-02])} -1.0 False {'is_success': 0.0}
[-0.50249374  0.15231466  0.18408386  0.14450382] {'achieved_goal': array([1.43268553, 0.81142353, 0.42478277]), 'desired_goal': array([1.41173439, 0.87666671, 0.42469975]), 'observation': array([ 1.31697802e+00,  7.27639988e-01,  5.24232500e-01,  1.43268553e+00,
        8.11423534e-01,  4.24782768e-01,  1.15707516e-01,  8.37835458e-02,
       -9.94497320e-02,  5.17037799e-02,  5.20248539e-02, -1.86355763e-09,
        2.86701173e-09, -1.91381821e-15,  1.41554738e-02, -4.94292161e-03,
       -3.57261773e-03,  1.01590222e-09, -1.56292650e-09,  2.26154655e-18,
       -1.41554738e-02,  4.94292159e-03,  3.57356084e-03, -4.63935493e-03,
       -5.43958023e-03])} -1.0 False {'is_success': 0.0}
[-0.55383676  0.905498   -0.10574924  0.69281733] {'achieved_goal': array([1.43268553, 0.81142353, 0.4247835 ]), 'desired_goal': array([1.41173439, 0.87666671, 0.42469975]), 'observation': array([ 1.29840996e+00,  7.54772205e-01,  5.21699387e-01,  1.43268553e+00,
        8.11423534e-01,  4.24783501e-01,  1.34275574e-01,  5.66513297e-02,
       -9.69158853e-02,  5.01517822e-02,  5.01736473e-02, -1.07231911e-09,
        1.64972170e-09, -1.91529658e-15,  1.29967112e-02, -2.29000784e-02,
        3.23864503e-03,  5.84475482e-10, -8.99193059e-10,  1.46639806e-18,
       -1.29967112e-02,  2.29000783e-02, -3.23810390e-03, -3.18076875e-04,
       -3.82740905e-04])} -1.0 False {'is_success': 0.0}
[ 0.39895856 -0.4051261   0.62759566 -0.20698851] {'achieved_goal': array([1.43268553, 0.81142353, 0.42478392]), 'desired_goal': array([1.41173439, 0.87666671, 0.42469975]), 'observation': array([ 1.30750180e+00,  7.46482173e-01,  5.39460377e-01,  1.43268553e+00,
        8.11423534e-01,  4.24783922e-01,  1.25183733e-01,  6.49413609e-02,
       -1.14676455e-01,  4.07049582e-02,  3.86677036e-02, -6.17069933e-10,
        9.49338349e-10, -1.91491210e-15, -1.14264525e-02,  1.31553449e-02,
       -1.69583748e-02,  3.36308871e-10, -5.17398261e-10, -2.92187390e-19,
        1.14264525e-02, -1.31553449e-02,  1.69586853e-02, -1.70285312e-02,
       -1.86488253e-02])} -1.0 False {'is_success': 0.0}
[0.7622064  0.16254574 0.7634707  0.38506317] {'achieved_goal': array([1.43268553, 0.81142353, 0.42478416]), 'desired_goal': array([1.41173439, 0.87666671, 0.42469975]), 'observation': array([ 1.33076896e+00,  7.49178679e-01,  5.64662984e-01,  1.43268553e+00,
        8.11423534e-01,  4.24784164e-01,  1.01916574e-01,  6.22448555e-02,
       -1.39878820e-01,  5.29672814e-02,  5.31356890e-02, -3.55108788e-10,
        5.46321209e-10, -1.91591190e-15, -1.82265200e-02, -5.73911937e-03,
       -1.81642790e-02,  1.93527808e-10, -2.97735095e-10, -2.19218071e-18,
        1.82265200e-02,  5.73911937e-03,  1.81644571e-02,  8.49525129e-04,
        5.61032964e-03])} -1.0 False {'is_success': 0.0}
[0.45050856 0.00264876 0.91216725 0.2879804 ] {'achieved_goal': array([1.28275415, 0.62154193, 0.42473605]), 'desired_goal': array([1.41893673, 0.64741433, 0.53218535]), 'observation': array([ 1.35443721e+00,  7.49171968e-01,  5.61411810e-01,  1.28275415e+00,
        6.21541927e-01,  4.24736048e-01, -7.16830538e-02, -1.27630041e-01,
       -1.36675762e-01,  4.07043671e-02,  4.07064911e-02, -5.18150577e-08,
        7.97154734e-08,  1.61058749e-16, -1.11847772e-02, -6.44456374e-05,
       -2.40153636e-02,  2.85323085e-08, -4.38958592e-08,  1.69191221e-18,
        1.11847761e-02,  6.44449246e-05,  2.40420291e-02,  7.03939714e-02,
        7.03969858e-02])} -1.0 False {'is_success': 0.0}
[-0.1522899   0.21278642 -0.9616136  -0.39685038] {'achieved_goal': array([1.28275415, 0.62154193, 0.42475675]), 'desired_goal': array([1.41893673, 0.64741433, 0.53218535]), 'observation': array([ 1.35176807e+00,  7.55424246e-01,  5.37328036e-01,  1.28275415e+00,
        6.21541926e-01,  4.24756751e-01, -6.90139210e-02, -1.33882320e-01,
       -1.12571284e-01,  4.81089152e-02,  4.80695881e-02, -2.96849463e-08,
        4.56691482e-08, -1.22407100e-15,  5.10515085e-03, -5.51123328e-03,
        2.80081522e-02,  1.62724006e-08, -2.50344625e-08,  4.21130941e-18,
       -5.10515148e-03,  5.51123287e-03, -2.79929162e-02, -1.52137380e-02,
       -1.54574677e-02])} -1.0 False {'is_success': 0.0}
[ 0.32034707 -0.41984478  0.23603086 -0.1424626 ] {'achieved_goal': array([1.28275415, 0.62154193, 0.42476859]), 'desired_goal': array([1.41893673, 0.64741433, 0.53218535]), 'observation': array([ 1.36000076e+00,  7.43914298e-01,  5.39534301e-01,  1.28275415e+00,
        6.21541926e-01,  4.24768591e-01, -7.72466122e-02, -1.22372372e-01,
       -1.14765709e-01,  2.72522567e-02,  2.59614287e-02, -1.70400256e-08,
        2.62154240e-08, -1.67799529e-15, -8.64456772e-03,  1.15735334e-02,
       -9.35811699e-03,  9.31711992e-09, -1.43340307e-08, -1.25679797e-18,
        8.64456736e-03, -1.15735337e-02,  9.36683882e-03, -2.45248316e-02,
       -2.53003588e-02])} -1.0 False {'is_success': 0.0}
[-0.7290519  -0.40343535  0.13992982  0.18174553] {'achieved_goal': array([1.28275415, 0.62154193, 0.42477537]), 'desired_goal': array([1.41893673, 0.64741433, 0.53218535]), 'observation': array([ 1.34048869e+00,  7.30329812e-01,  5.45087206e-01,  1.28275415e+00,
        6.21541926e-01,  4.24775372e-01, -5.77345408e-02, -1.08787886e-01,
       -1.20311834e-01,  4.37531218e-02,  4.20411145e-02, -9.79229158e-09,
        1.50650640e-08, -1.82816919e-15,  2.01963327e-02,  9.12644210e-03,
       -2.45510910e-03,  5.34650724e-09, -8.22539576e-09,  3.15603236e-19,
       -2.01963329e-02, -9.12644223e-03,  2.46010720e-03,  4.78987172e-02,
        4.82155645e-02])} -1.0 False {'is_success': 0.0}
[ 0.1486505   0.30640164  0.30420655 -0.13716313] {'achieved_goal': array([1.28275415, 0.62154193, 0.42477926]), 'desired_goal': array([1.41893673, 0.64741433, 0.53218535]), 'observation': array([ 1.34122526e+00,  7.37895719e-01,  5.54257666e-01,  1.28275415e+00,
        6.21541926e-01,  4.24779260e-01, -5.84711058e-02, -1.16353793e-01,
       -1.29478407e-01,  4.76880539e-02,  4.82910306e-02, -5.63080856e-09,
        8.66278239e-09, -1.87857761e-15, -6.00265629e-03, -9.00371513e-03,
       -7.68166275e-03,  3.07185104e-09, -4.72592467e-09, -8.24653139e-19,
        6.00265617e-03,  9.00371505e-03,  7.68452867e-03, -1.35398942e-02,
       -1.34550499e-02])} -1.0 False {'is_success': 0.0}
[ 0.7930932  -0.26487625 -0.12827015  0.78384674] {'achieved_goal': array([1.28275415, 0.62154193, 0.42478149]), 'desired_goal': array([1.41893673, 0.64741433, 0.53218535]), 'observation': array([ 1.36464140e+00,  7.31494326e-01,  5.51483482e-01,  1.28275415e+00,
        6.21541926e-01,  4.24781489e-01, -8.18872467e-02, -1.09952400e-01,
       -1.26701994e-01,  5.11746382e-02,  5.11648577e-02, -3.23901101e-09,
        4.98309385e-09, -1.89455353e-15, -1.99433646e-02,  7.95535876e-03,
        4.42039775e-03,  1.76619284e-09, -2.71721976e-09, -9.72756060e-21,
        1.99433645e-02, -7.95535881e-03, -4.41875386e-03, -2.68389081e-03,
       -2.68264828e-03])} -1.0 False {'is_success': 0.0}
[ 0.61238796  0.40777716 -0.79954624  0.83896524] {'achieved_goal': array([1.28275415, 0.62154193, 0.42478277]), 'desired_goal': array([1.41893673, 0.64741433, 0.53218535]), 'observation': array([ 1.38519844e+00,  7.42312472e-01,  5.26976105e-01,  1.28275415e+00,
        6.21541926e-01,  4.24782768e-01, -1.02444287e-01, -1.20770546e-01,
       -1.02193338e-01,  5.01229390e-02,  5.01221261e-02, -1.86355763e-09,
        2.86701173e-09, -1.89864904e-15, -1.38268058e-02, -1.15445410e-02,
        2.06636763e-02,  1.01590222e-09, -1.56292650e-09, -6.20610531e-19,
        1.38268058e-02,  1.15445410e-02, -2.06627332e-02, -2.31999833e-04,
       -2.29726653e-04])} -1.0 False {'is_success': 0.0}
[ 0.4284826  0.997694  -0.7011034  0.7362521] {'achieved_goal': array([1.28275415, 0.62154193, 0.4247835 ]), 'desired_goal': array([1.41893673, 0.64741433, 0.53218535]), 'observation': array([ 1.39931567e+00,  7.73666151e-01,  5.02792959e-01,  1.28275415e+00,
        6.21541926e-01,  4.24783501e-01, -1.16561521e-01, -1.52124225e-01,
       -7.80094574e-02,  5.00494288e-02,  5.00494961e-02, -1.07231911e-09,
        1.64972169e-09, -1.90197813e-15, -9.57359009e-03, -2.47250353e-02,
        1.61721468e-02,  5.84475474e-10, -8.99193053e-10,  1.40333108e-18,
        9.57359007e-03,  2.47250353e-02, -1.61716056e-02, -1.42770349e-05,
       -1.48521184e-05])} -1.0 False {'is_success': 0.0}
[-0.67501414  0.23111913 -0.75236005  0.69601643] {'achieved_goal': array([1.28275415, 0.62154193, 0.42478392]), 'desired_goal': array([1.41893673, 0.64741433, 0.53218535]), 'observation': array([ 1.38158051e+00,  7.84342293e-01,  4.78305006e-01,  1.28275415e+00,
        6.21541926e-01,  4.24783922e-01, -9.88263651e-02, -1.62800367e-01,
       -5.35210835e-02,  5.00449498e-02,  5.00447740e-02, -6.17069938e-10,
        9.49338349e-10, -1.90215079e-15,  1.88479489e-02, -3.21879754e-03,
        1.77630775e-02,  3.36308867e-10, -5.17398257e-10, -3.02144437e-18,
       -1.88479490e-02,  3.21879753e-03, -1.77627670e-02, -8.34342482e-07,
       -9.97702673e-07])} -1.0 False {'is_success': 0.0}
[ 0.6146379   0.13820148 -0.1856334  -0.861666  ] {'achieved_goal': array([1.28275415, 0.62154193, 0.42478416]), 'desired_goal': array([1.41893673, 0.64741433, 0.53218535]), 'observation': array([ 1.39562375e+00,  7.88879714e-01,  4.69872524e-01,  1.28275415e+00,
        6.21541926e-01,  4.24784164e-01, -1.12869601e-01, -1.67337789e-01,
       -4.50883600e-02,  3.98225207e-02,  3.98954574e-02, -3.55108797e-10,
        5.46321215e-10, -1.90161733e-15, -1.79329744e-02, -3.25961091e-03,
        3.01236046e-03,  1.93527807e-10, -2.97735090e-10,  2.16610095e-18,
        1.79329744e-02,  3.25961090e-03, -3.01218228e-03, -1.75918636e-02,
       -1.76385345e-02])} -1.0 False {'is_success': 0.0}
[ 0.39485756 -0.09291463  0.4441112   0.73276466] {'achieved_goal': array([1.42439066, 0.67439831, 0.42473605]), 'desired_goal': array([1.26548686, 0.8157346 , 0.57414226]), 'observation': array([ 1.35309030e+00,  7.46352826e-01,  5.47634199e-01,  1.42439066e+00,
        6.74398313e-01,  4.24736048e-01,  7.13003593e-02, -7.19545122e-02,
       -1.22898151e-01,  4.07919076e-02,  4.06189506e-02, -5.18150577e-08,
        7.97154734e-08,  1.55621169e-16, -1.00714351e-02,  2.42794853e-03,
       -1.16257044e-02,  2.85323085e-08, -4.38958592e-08, -3.12872786e-19,
        1.00714340e-02, -2.42794924e-03,  1.16523700e-02,  7.04358783e-02,
        7.03550790e-02])} -1.0 False {'is_success': 0.0}
[ 0.951043    0.7116067  -0.97657186 -0.28004387] {'achieved_goal': array([1.42439066, 0.67439831, 0.42475675]), 'desired_goal': array([1.26548686, 0.8157346 , 0.57414226]), 'observation': array([ 1.38128282e+00,  7.67123795e-01,  5.20346504e-01,  1.42439066e+00,
        6.74398313e-01,  4.24756751e-01,  4.31078369e-02, -9.27254821e-02,
       -9.55897530e-02,  4.81421825e-02,  4.80363188e-02, -2.96849463e-08,
        4.56691482e-08, -1.23240329e-15, -2.35430708e-02, -1.89241261e-02,
        2.74165219e-02,  1.62724006e-08, -2.50344625e-08, -1.44482995e-20,
        2.35430702e-02,  1.89241257e-02, -2.74012860e-02, -1.50369343e-02,
       -1.56342755e-02])} -1.0 False {'is_success': 0.0}
[ 0.4599811  -0.65674067  0.04207321 -0.89132404] {'achieved_goal': array([1.42439066, 0.67439831, 0.42476859]), 'desired_goal': array([1.26548686, 0.8157346 , 0.57414226]), 'observation': array([ 1.39822569e+00,  7.50735160e-01,  5.16921715e-01,  1.42439066e+00,
        6.74398313e-01,  4.24768591e-01,  2.61649706e-02, -7.63368476e-02,
       -9.21531236e-02,  2.80015143e-02,  2.52121729e-02, -1.70400256e-08,
        2.62154240e-08, -1.68694510e-15, -9.17617720e-03,  1.92468635e-02,
       -4.20146432e-03,  9.31711993e-09, -1.43340307e-08,  1.63738063e-18,
        9.17617684e-03, -1.92468638e-02,  4.21018615e-03, -2.39835261e-02,
       -2.58416589e-02])} -1.0 False {'is_success': 0.0}
[-0.60000694 -0.9629564   0.5873954  -0.5521506 ] {'achieved_goal': array([1.42439066, 0.67439831, 0.42477537]), 'desired_goal': array([1.26548686, 0.8157346 , 0.57414226]), 'observation': array([ 1.38244154e+00,  7.19565901e-01,  5.34625218e-01,  1.42439066e+00,
        6.74398312e-01,  4.24775372e-01,  4.19491138e-02, -4.51675885e-02,
       -1.09849846e-01,  4.35572273e-03,  3.01672817e-05, -9.79229158e-09,
        1.50650640e-08, -1.83464641e-15,  1.71646874e-02,  2.27441409e-02,
       -1.47201145e-02,  5.34650725e-09, -8.22539576e-09,  7.49713453e-19,
       -1.71646876e-02, -2.27441411e-02,  1.47251126e-02, -2.24406029e-02,
       -2.22365663e-02])} -1.0 False {'is_success': 0.0}
[-0.30929664  0.8561626   0.4088288  -0.93632215] {'achieved_goal': array([1.42439066, 0.67439831, 0.42477926]), 'desired_goal': array([1.26548686, 0.8157346 , 0.57414226]), 'observation': array([ 1.37043460e+00,  7.41006174e-01,  5.48828365e-01,  1.42439066e+00,
        6.74398312e-01,  4.24779260e-01,  5.39560519e-02, -6.66078618e-02,
       -1.24049106e-01, -2.74193669e-04,  4.13707014e-05, -5.63080856e-09,
        8.66278239e-09, -1.88440971e-15,  6.39641709e-03, -2.47083067e-02,
       -8.97934403e-03,  3.07185103e-09, -4.72592467e-09, -4.24203125e-20,
       -6.39641720e-03,  2.47083067e-02,  8.98220995e-03,  2.30118761e-03,
        2.48398474e-03])} -1.0 False {'is_success': 0.0}
[-0.6706117   0.2429568   0.15445718 -0.5242144 ] {'achieved_goal': array([1.42439066, 0.67439831, 0.42478149]), 'desired_goal': array([1.26548686, 0.8157346 , 0.57414226]), 'observation': array([ 1.35005327e+00,  7.51999626e-01,  5.54716450e-01,  1.42439066e+00,
        6.74398312e-01,  4.24781489e-01,  7.43373818e-02, -7.76013142e-02,
       -1.29934961e-01,  1.99791463e-03,  1.46591747e-03, -3.23901101e-09,
        4.98309385e-09, -1.90239016e-15,  1.69169898e-02, -3.58584850e-03,
       -2.90450705e-03,  1.76619284e-09, -2.71721976e-09, -1.54048010e-18,
       -1.69169899e-02,  3.58584846e-03,  2.90615094e-03,  1.84481298e-03,
        7.29075062e-04])} -1.0 False {'is_success': 0.0}
[0.868428   0.22793192 0.07126561 0.17981996] {'achieved_goal': array([1.42439066, 0.67439831, 0.42478277]), 'desired_goal': array([1.26548686, 0.8157346 , 0.57414226]), 'observation': array([ 1.37163432e+00,  7.59322495e-01,  5.56992755e-01,  1.42439066e+00,
        6.74398312e-01,  4.24782768e-01,  5.27563307e-02, -8.49241829e-02,
       -1.32209988e-01,  3.98913405e-02,  3.87296228e-02, -1.86355764e-09,
        2.86701173e-09, -1.90849276e-15, -2.42270377e-02, -5.57960593e-03,
       -1.40914465e-03,  1.01590222e-09, -1.56292649e-09,  2.04206560e-18,
        2.42270376e-02,  5.57960590e-03,  1.41008776e-03,  6.42481398e-02,
        6.36778100e-02])} -1.0 False {'is_success': 0.0}
[ 0.46024406 -0.37611002 -0.20355788 -0.5803125 ] {'achieved_goal': array([1.42439066, 0.67439831, 0.4247835 ]), 'desired_goal': array([1.26548686, 0.8157346 , 0.57414226]), 'observation': array([ 1.38872321e+00,  7.49090352e-01,  5.51072075e-01,  1.42439066e+00,
        6.74398312e-01,  4.24783501e-01,  3.56674461e-02, -7.46920399e-02,
       -1.26288574e-01,  4.86331699e-02,  4.87176727e-02, -1.07231911e-09,
        1.64972170e-09, -1.90941827e-15, -9.38735633e-03,  1.04349428e-02,
        5.59448292e-03,  5.84475485e-10, -8.99193059e-10, -6.38535618e-19,
        9.38735630e-03, -1.04349429e-02, -5.59394179e-03, -1.54887218e-02,
       -1.34506105e-02])} -1.0 False {'is_success': 0.0}
[-0.62761396  0.8887448   0.4791016  -0.01908238] {'achieved_goal': array([1.42439066, 0.67439831, 0.42478392]), 'desired_goal': array([1.26548686, 0.8157346 , 0.57414226]), 'observation': array([ 1.37225355e+00,  7.73351892e-01,  5.64050494e-01,  1.42439066e+00,
        6.74398312e-01,  4.24783922e-01,  5.21371050e-02, -9.89535800e-02,
       -1.39266572e-01,  3.18434218e-02,  3.56703784e-02, -6.17069933e-10,
        9.49338350e-10, -1.90960216e-15,  1.79549089e-02, -2.40747847e-02,
       -1.29670215e-02,  3.36308877e-10, -5.17398266e-10, -1.79135296e-19,
       -1.79549089e-02,  2.40747847e-02,  1.29673320e-02, -1.54438217e-02,
       -1.30598704e-02])} -1.0 False {'is_success': 0.0}
[-0.5451707  -0.49128702 -0.88394165 -0.13116676] {'achieved_goal': array([1.42439066, 0.67439831, 0.42478416]), 'desired_goal': array([1.26548686, 0.8157346 , 0.57414226]), 'observation': array([ 1.35328960e+00,  7.62813329e-01,  5.40546577e-01,  1.42439066e+00,
        6.74398312e-01,  4.24784164e-01,  7.11010604e-02, -8.84150172e-02,
       -1.15762413e-01,  1.46955156e-02,  1.73403286e-02, -3.55108792e-10,
        5.46321213e-10, -1.90879996e-15,  1.22766317e-02,  1.53402393e-02,
        2.45951706e-02,  1.93527811e-10, -2.97735092e-10,  3.52520289e-21,
       -1.22766318e-02, -1.53402393e-02, -2.45949925e-02, -1.83981247e-02,
       -2.02089361e-02])} -1.0 False {'is_success': 0.0}
